Positive Nodes: 3, Negative Nodes: 0
Positive Nodes: 3, Negative Nodes: 0
5.92519515635
21
[2004, 40583, 9630, 42407, 9644, 11756, 14272, 14579, 18017, 22913, 22916, 22918, 22923, 22929, 55702, 22952, 22960, 55732, 55761, 55762, 55763]
Positive Nodes: 3, Negative Nodes: 0
Positive Nodes: 3, Negative Nodes: 0
5.85051662712
21
[33446, 33447, 33448, 33449, 33451, 33452, 33454, 33458, 33459, 33462, 33463, 33464, 33465, 36902, 4151, 33460, 4177, 5656, 14755, 52085, 53090]
Positive Nodes: 3, Negative Nodes: 0
Positive Nodes: 3, Negative Nodes: 0
5.77841568361
19
[1972, 4720, 6344, 6352, 48574, 16161, 51130, 51131, 51132, 52461, 55083, 23534, 27860, 31749, 31751, 31752, 31753, 31754, 31755]
Positive Nodes: 3, Negative Nodes: 0
Positive Nodes: 3, Negative Nodes: 0
5.75340174175
20
[262, 1938, 6191, 6909, 8506, 8708, 9584, 10321, 43093, 43171, 43172, 43750, 43752, 11648, 48084, 19971, 21937, 27161, 10190, 32229]
Positive Nodes: 3, Negative Nodes: 0
Positive Nodes: 3, Negative Nodes: 0
5.60756212566
21
[1724, 48545, 48546, 48547, 48548, 48550, 48551, 48552, 48553, 48554, 21161, 21162, 21163, 21164, 21165, 21176, 21191, 53968, 53976, 56506, 23739]
Positive Nodes: 3, Negative Nodes: 0
Positive Nodes: 3, Negative Nodes: 0
5.33721706845
19
[420, 37380, 39937, 39948, 40915, 24323, 11217, 11674, 11675, 13230, 46555, 46556, 13789, 13793, 17423, 55185, 24015, 32088, 32140]
Positive Nodes: 3, Negative Nodes: 0
Positive Nodes: 3, Negative Nodes: 0
5.307373202
19
[33786, 4804, 6098, 6968, 6995, 8399, 9003, 11722, 44493, 35071, 46697, 47078, 15277, 20355, 20375, 20829, 22019, 26475, 28837]
Positive Nodes: 3, Negative Nodes: 0
Positive Nodes: 3, Negative Nodes: 0
5.21610608756
20
[2001, 16400, 16406, 49176, 22897, 22898, 22899, 22900, 22901, 22902, 22903, 22905, 22907, 22908, 22909, 22910, 22911, 55680, 27031, 30810]
Positive Nodes: 3, Negative Nodes: 0
Positive Nodes: 3, Negative Nodes: 0
4.95980149099
19
[1143, 3139, 39041, 8903, 41709, 11394, 11972, 14742, 14743, 48587, 18303, 18856, 18858, 18866, 18867, 18868, 51640, 18877, 18880]
Positive Nodes: 3, Negative Nodes: 0
Positive Nodes: 3, Negative Nodes: 0
4.76891526158
21
[415, 458, 6092, 9364, 11611, 44388, 45810, 46417, 46435, 46436, 46441, 13677, 13679, 13681, 13684, 13686, 13687, 46570, 47879, 19793, 31673]
Positive Nodes: 4, Negative Nodes: 0
Positive Nodes: 4, Negative Nodes: 0
4.7529860667
22
[150, 1865, 36100, 3334, 3354, 36127, 6799, 6989, 7012, 7116, 7123, 7125, 7131, 7137, 39916, 8134, 8157, 9403, 11666, 21087, 21666, 24482]
Positive Nodes: 3, Negative Nodes: 0
Positive Nodes: 3, Negative Nodes: 0
4.73735410297
19
[75, 5091, 5092, 5095, 5101, 5106, 5107, 5109, 5115, 51403, 48422, 28539, 32367, 32368, 32369, 32370, 32374, 32386, 32387]
Positive Nodes: 3, Negative Nodes: 0
Positive Nodes: 3, Negative Nodes: 0
4.63635064639
19
[383, 1443, 34473, 1707, 5325, 6223, 39926, 10846, 56657, 12265, 12902, 12933, 12943, 17647, 51400, 25190, 52839, 25921, 28534]
Positive Nodes: 3, Negative Nodes: 0
Positive Nodes: 3, Negative Nodes: 0
4.34403559668
19
[1918, 16153, 48925, 48928, 48930, 48931, 17295, 22296, 22298, 22300, 22302, 22308, 22323, 22324, 22328, 55101, 22339, 25922, 48929]
Positive Nodes: 3, Negative Nodes: 0
Positive Nodes: 3, Negative Nodes: 0
4.28380035541
19
[1956, 38004, 38006, 8180, 11704, 14645, 18668, 20037, 21519, 21520, 22573, 22575, 22577, 22578, 22579, 22580, 55351, 57504, 3228]
Positive Nodes: 3, Negative Nodes: 0
Positive Nodes: 3, Negative Nodes: 0
3.89388108396
21
[104, 33126, 33127, 33128, 33131, 33132, 33133, 33136, 33138, 33140, 1902, 2174, 2240, 5575, 5576, 8896, 49058, 49059, 19718, 52987, 22645]
Positive Nodes: 4, Negative Nodes: 0
Positive Nodes: 4, Negative Nodes: 0
3.61337101755
22
[4785, 38158, 38160, 38161, 38162, 38163, 38167, 38168, 38172, 38173, 40613, 7847, 40616, 40617, 40618, 8307, 8950, 11842, 17979, 57587, 38166, 32584]
Positive Nodes: 2, Negative Nodes: 0
Positive Nodes: 2, Negative Nodes: 0
3.57851090362
18
[3089, 6741, 44205, 46108, 15503, 51060, 20454, 27677, 27678, 27679, 27681, 27683, 27684, 27687, 27699, 27711, 27739, 27762]
Positive Nodes: 2, Negative Nodes: 0
Positive Nodes: 2, Negative Nodes: 0
3.55110610466
18
[1957, 2215, 10091, 16271, 16286, 49055, 21658, 22585, 22586, 22587, 22589, 22590, 22594, 22615, 22616, 22617, 22618, 55390]
Positive Nodes: 4, Negative Nodes: 0
Positive Nodes: 4, Negative Nodes: 0
3.55035046546
22
[342, 34129, 1907, 36160, 37805, 7302, 8063, 9459, 50754, 48322, 24438, 48327, 16094, 16095, 20563, 22234, 22237, 22257, 55043, 55047, 23792, 28198]
Positive Nodes: 2, Negative Nodes: 0
Positive Nodes: 2, Negative Nodes: 0
3.53716948034
18
[3226, 39936, 8025, 11231, 44463, 46002, 13342, 26485, 28526, 28530, 28532, 28533, 28538, 28540, 28544, 28552, 28553, 53925]
Positive Nodes: 2, Negative Nodes: 0
Positive Nodes: 2, Negative Nodes: 0
3.52240794402
18
[740, 6203, 8393, 8952, 9000, 10168, 12093, 13201, 46382, 13622, 14480, 16670, 16671, 16721, 16724, 16728, 16732, 16734]
Positive Nodes: 4, Negative Nodes: 0
Positive Nodes: 5, Negative Nodes: 0
3.33459620635
22
[33336, 34965, 34434, 43316, 11167, 12501, 12502, 45290, 13172, 47613, 47616, 14852, 47624, 47625, 14858, 14861, 14862, 14863, 14865, 14866, 14867, 14870]
Positive Nodes: 4, Negative Nodes: 0
Positive Nodes: 4, Negative Nodes: 0
3.18247156833
22
[67, 875, 1087, 2007, 34848, 34896, 4944, 4946, 4949, 4952, 4953, 4959, 4962, 4967, 4969, 4973, 38748, 18650, 53431, 23542, 32106, 32131]
Positive Nodes: 2, Negative Nodes: 0
Positive Nodes: 2, Negative Nodes: 0
3.00800237235
18
[1693, 2480, 36500, 17451, 17606, 16418, 50217, 50219, 50220, 50221, 25116, 25117, 22504, 23842, 25124, 58166, 25494, 25519]
Positive Nodes: 2, Negative Nodes: 0
Positive Nodes: 2, Negative Nodes: 0
2.84005897607
18
[1559, 10507, 11753, 45292, 19752, 20722, 20723, 20724, 20725, 20726, 53495, 20728, 20729, 20731, 41687, 41689, 20782, 20787]
Positive Nodes: 2, Negative Nodes: 0
Positive Nodes: 2, Negative Nodes: 0
2.77579288824
18
[413, 1716, 38859, 6225, 8763, 11574, 11586, 44369, 11602, 44906, 13626, 46402, 46405, 13639, 13640, 22283, 55764, 37445]
Positive Nodes: 2, Negative Nodes: 0
Positive Nodes: 2, Negative Nodes: 0
2.27324593284
17
[659, 39202, 40148, 8028, 8057, 8948, 9886, 10508, 13226, 14644, 16040, 16071, 16085, 16087, 16089, 48873, 28442]
Positive Nodes: 2, Negative Nodes: 0
Positive Nodes: 2, Negative Nodes: 0
1.80096999973
17
[3340, 13826, 14361, 14363, 14365, 17215, 17683, 51558, 51628, 24261, 24263, 24267, 26075, 28934, 29136, 29138, 29139]
Positive Nodes: 4, Negative Nodes: 0
Positive Nodes: 5, Negative Nodes: 0
1.77622170679
23
[209, 1939, 35820, 3053, 6626, 6661, 6725, 6743, 39633, 39634, 6954, 7225, 8472, 34312, 42148, 9381, 42378, 11365, 18125, 51315, 19437, 28392, 28399]
Positive Nodes: 2, Negative Nodes: 0
Positive Nodes: 2, Negative Nodes: 0
1.77469915705
17
[2480, 36500, 17451, 17606, 16418, 50210, 50214, 50215, 50216, 50217, 50219, 50220, 50221, 22504, 25488, 25494, 25519]
Positive Nodes: 4, Negative Nodes: 0
Positive Nodes: 5, Negative Nodes: 0
1.70660382121
23
[5, 125, 127, 32898, 132, 134, 137, 537, 539, 549, 6556, 6561, 6562, 6564, 6570, 6571, 12382, 14617, 14618, 14623, 14643, 49799, 22169]
Positive Nodes: 2, Negative Nodes: 0
Positive Nodes: 2, Negative Nodes: 0
1.48137207635
17
[698, 3070, 39487, 6959, 34289, 9874, 46216, 13453, 46227, 16444, 16446, 16447, 16448, 16450, 49230, 16466, 16468]
Positive Nodes: 2, Negative Nodes: 0
Positive Nodes: 2, Negative Nodes: 0
1.13029530753
16
[2887, 39525, 12802, 46520, 50650, 50656, 50658, 23083, 26604, 26605, 26608, 26609, 26649, 26652, 4467, 42697]
Positive Nodes: 2, Negative Nodes: 0
Positive Nodes: 2, Negative Nodes: 0
0.925920249897
16
[511, 8408, 45092, 8450, 11949, 12326, 45095, 14497, 14524, 14555, 14557, 14558, 14559, 14560, 23154, 30794]
Positive Nodes: 2, Negative Nodes: 0
Positive Nodes: 2, Negative Nodes: 0
0.884100060606
16
[24, 1428, 1429, 1431, 1435, 1436, 1920, 9573, 14093, 15184, 49912, 52756, 20006, 20008, 20013, 20025]
Positive Nodes: 2, Negative Nodes: 0
Positive Nodes: 2, Negative Nodes: 0
0.8710480711
16
[188, 33358, 603, 6240, 8747, 8819, 8831, 11638, 12568, 45376, 24337, 47728, 14977, 15016, 18258, 32615]
Positive Nodes: 2, Negative Nodes: 0
Positive Nodes: 2, Negative Nodes: 0
0.858549705381
16
[11, 818, 853, 857, 860, 861, 863, 864, 865, 871, 44670, 13981, 50186, 17422, 50218, 50222]
Positive Nodes: 2, Negative Nodes: 0
Positive Nodes: 2, Negative Nodes: 0
0.836339593418
16
[215, 40177, 40183, 8117, 9482, 9772, 9776, 9778, 9782, 11732, 48314, 52297, 52298, 52299, 20556, 31195]
Positive Nodes: 2, Negative Nodes: 0
Positive Nodes: 2, Negative Nodes: 0
0.796101665853
16
[1398, 44985, 12230, 47196, 15178, 19929, 19930, 19931, 19932, 19934, 19935, 19937, 19939, 52708, 19942, 30953]
Positive Nodes: 2, Negative Nodes: 0
Positive Nodes: 2, Negative Nodes: 0
0.724777801926
16
[1138, 1911, 39420, 39783, 40185, 8276, 41864, 11487, 13529, 47487, 18808, 18813, 18815, 18820, 19374, 55048]
Positive Nodes: 2, Negative Nodes: 0
Positive Nodes: 2, Negative Nodes: 0
0.612705613724
16
[12257, 49607, 49608, 49609, 49610, 49611, 49612, 49614, 23893, 56675, 56725, 24037, 25163, 57932, 25177, 58181]
Positive Nodes: 2, Negative Nodes: 0
Positive Nodes: 2, Negative Nodes: 0
0.549844213341
16
[719, 2115, 7331, 32988, 9016, 45016, 45736, 49314, 49322, 16555, 16558, 16564, 16567, 16570, 16571, 16351]
Positive Nodes: 2, Negative Nodes: 0
Positive Nodes: 2, Negative Nodes: 0
0.348694480718
15
[1702, 10584, 48515, 15827, 17302, 20453, 21094, 21099, 21100, 53870, 21103, 21106, 21108, 53881, 29039]
Positive Nodes: 2, Negative Nodes: 0
Positive Nodes: 2, Negative Nodes: 0
0.302413709969
15
[420, 37380, 39937, 39948, 24323, 43567, 43568, 11217, 12883, 13230, 46556, 13793, 55185, 56569, 48963]
Positive Nodes: 2, Negative Nodes: 0
Positive Nodes: 2, Negative Nodes: 0
0.293190793505
15
[1082, 4141, 36911, 33970, 7322, 7357, 7547, 9650, 9684, 10503, 11765, 12185, 18527, 22425, 22501]
Positive Nodes: 2, Negative Nodes: 0
Positive Nodes: 2, Negative Nodes: 0
0.289795199671
15
[1817, 5821, 6275, 6520, 34052, 41654, 47809, 21467, 54236, 54238, 21489, 54266, 24982, 29925, 29926]
Positive Nodes: 2, Negative Nodes: 0
Positive Nodes: 2, Negative Nodes: 0
0.247190686773
15
[173, 37831, 37832, 37833, 38322, 6821, 40851, 12327, 12328, 8434, 8439, 8445, 45099, 8456, 22032]
Positive Nodes: 2, Negative Nodes: 0
Positive Nodes: 2, Negative Nodes: 0
0.245018533233
15
[802, 39644, 6907, 9290, 9310, 9320, 9326, 46596, 35073, 46601, 46602, 17221, 17223, 17225, 19658]
Positive Nodes: 4, Negative Nodes: 0
Positive Nodes: 6, Negative Nodes: 0
0.243512748133
25
[620, 36613, 39950, 40061, 7406, 8104, 42332, 9566, 42354, 42429, 43295, 45438, 45447, 12680, 45449, 45451, 47831, 15067, 15078, 15080, 15081, 15087, 16368, 54713, 42088]
Positive Nodes: 2, Negative Nodes: 0
Positive Nodes: 2, Negative Nodes: 0
0.242556881102
15
[15, 1092, 1095, 1096, 1099, 1102, 1108, 1112, 6049, 18288, 18560, 18561, 18713, 18746, 18747]
Positive Nodes: 4, Negative Nodes: 0
Positive Nodes: 5, Negative Nodes: 0
0.23435958193
25
[1844, 40115, 9676, 50280, 21267, 21503, 21504, 21505, 21506, 21507, 21508, 21514, 54283, 54284, 21518, 21521, 21522, 21523, 21524, 21528, 21529, 54300, 21533, 21534, 21535]
Positive Nodes: 2, Negative Nodes: 0
Positive Nodes: 2, Negative Nodes: 0
0.22190908733
15
[603, 6240, 8747, 12130, 45376, 12632, 45402, 45404, 45406, 45408, 45409, 15016, 15026, 18258, 32615]
Positive Nodes: 2, Negative Nodes: 0
Positive Nodes: 2, Negative Nodes: 0
0.210968088377
15
[1067, 2200, 37783, 37784, 8062, 14449, 18340, 18342, 18344, 18345, 18346, 18347, 18348, 18349, 18351]
Positive Nodes: 2, Negative Nodes: 0
Positive Nodes: 2, Negative Nodes: 0
0.205021270482
15
[33348, 33349, 33350, 33352, 33356, 583, 590, 5638, 50566, 18193, 25053, 26454, 27949, 29874, 30808]
Positive Nodes: 2, Negative Nodes: 0
Positive Nodes: 2, Negative Nodes: 0
0.203089656577
15
[1845, 1848, 1849, 1852, 12163, 14224, 21541, 21542, 21543, 21544, 41820, 21546, 54331, 21565, 21575]
Positive Nodes: 2, Negative Nodes: 0
Positive Nodes: 2, Negative Nodes: 0
0.0846277726437
14
[2299, 13323, 15679, 17061, 49834, 17071, 24612, 24613, 24638, 24658, 24671, 24674, 57445, 57449]
Positive Nodes: 2, Negative Nodes: 0
Positive Nodes: 2, Negative Nodes: 0
0.0823199397339
14
[37, 1165, 1167, 1197, 2781, 2782, 2790, 2805, 19033, 19038, 19039, 25967, 25976, 25979]
Positive Nodes: 4, Negative Nodes: 0
Positive Nodes: 5, Negative Nodes: 0
0.0760423153382
26
[149, 33852, 1863, 35105, 35106, 2340, 3256, 6281, 6598, 6627, 39477, 6736, 6738, 39851, 33951, 7101, 7111, 7690, 9119, 9449, 9518, 12562, 48874, 20827, 21591, 28558]
Positive Nodes: 4, Negative Nodes: 0
Positive Nodes: 5, Negative Nodes: 0
0.0669925402609
26
[773, 34328, 34329, 37881, 6188, 7739, 8109, 9332, 9494, 42920, 10307, 13219, 46567, 13801, 14348, 49921, 17155, 17156, 17157, 17158, 17165, 20525, 56217, 27821, 30677, 54268]
Positive Nodes: 7, Negative Nodes: 0
Positive Nodes: 11, Negative Nodes: 0
5.92519515635
21
[2004, 40583, 9630, 42407, 9644, 11756, 14272, 14579, 18017, 22913, 22916, 22918, 22923, 22929, 55702, 22952, 22960, 55732, 55761, 55762, 55763]
Positive Nodes: 7, Negative Nodes: 0
Positive Nodes: 11, Negative Nodes: 0
Positive Nodes: 1571, Negative Nodes: 0
5.92519515635
21
[2004, 40583, 9630, 42407, 9644, 11756, 14272, 14579, 18017, 22913, 22916, 22918, 22923, 22929, 55702, 22952, 22960, 55732, 55761, 55762, 55763]
Positive Nodes: 11, Negative Nodes: 0
Positive Nodes: 1562, Negative Nodes: 0
5.85051662712
21
[33446, 33447, 33448, 33449, 33451, 33452, 33454, 33458, 33459, 33462, 33463, 33464, 33465, 36902, 4151, 33460, 4177, 5656, 14755, 52085, 53090]
Positive Nodes: 9, Negative Nodes: 0
Positive Nodes: 9, Negative Nodes: 0
5.77841568361
19
[1972, 4720, 6344, 6352, 48574, 16161, 51130, 51131, 51132, 52461, 55083, 23534, 27860, 31749, 31751, 31752, 31753, 31754, 31755]
Positive Nodes: 10, Negative Nodes: 0
Positive Nodes: 12, Negative Nodes: 0
5.75340174175
20
[262, 1938, 6191, 6909, 8506, 8708, 9584, 10321, 43093, 43171, 43172, 43750, 43752, 11648, 48084, 19971, 21937, 27161, 10190, 32229]
Positive Nodes: 11, Negative Nodes: 0
Positive Nodes: 1583, Negative Nodes: 0
5.60756212566
21
[1724, 48545, 48546, 48547, 48548, 48550, 48551, 48552, 48553, 48554, 21161, 21162, 21163, 21164, 21165, 21176, 21191, 53968, 53976, 56506, 23739]
Positive Nodes: 9, Negative Nodes: 0
Positive Nodes: 1600, Negative Nodes: 0
5.33721706845
19
[420, 37380, 39937, 39948, 40915, 24323, 11217, 11674, 11675, 13230, 46555, 46556, 13789, 13793, 17423, 55185, 24015, 32088, 32140]
Positive Nodes: 9, Negative Nodes: 0
Positive Nodes: 1574, Negative Nodes: 0
5.307373202
19
[33786, 4804, 6098, 6968, 6995, 8399, 9003, 11722, 44493, 35071, 46697, 47078, 15277, 20355, 20375, 20829, 22019, 26475, 28837]
Positive Nodes: 10, Negative Nodes: 0
Positive Nodes: 1569, Negative Nodes: 0
5.21610608756
20
[2001, 16400, 16406, 49176, 22897, 22898, 22899, 22900, 22901, 22902, 22903, 22905, 22907, 22908, 22909, 22910, 22911, 55680, 27031, 30810]
Positive Nodes: 9, Negative Nodes: 0
Positive Nodes: 1539, Negative Nodes: 0
4.95980149099
19
[1143, 3139, 39041, 8903, 41709, 11394, 11972, 14742, 14743, 48587, 18303, 18856, 18858, 18866, 18867, 18868, 51640, 18877, 18880]
Positive Nodes: 11, Negative Nodes: 0
Positive Nodes: 1560, Negative Nodes: 0
4.76891526158
21
[415, 458, 6092, 9364, 11611, 44388, 45810, 46417, 46435, 46436, 46441, 13677, 13679, 13681, 13684, 13686, 13687, 46570, 47879, 19793, 31673]
Positive Nodes: 12, Negative Nodes: 0
Positive Nodes: 1570, Negative Nodes: 0
4.7529860667
22
[150, 1865, 36100, 3334, 3354, 36127, 6799, 6989, 7012, 7116, 7123, 7125, 7131, 7137, 39916, 8134, 8157, 9403, 11666, 21087, 21666, 24482]
Positive Nodes: 9, Negative Nodes: 0
Positive Nodes: 1153, Negative Nodes: 0
4.73735410297
19
[75, 5091, 5092, 5095, 5101, 5106, 5107, 5109, 5115, 51403, 48422, 28539, 32367, 32368, 32369, 32370, 32374, 32386, 32387]
Positive Nodes: 9, Negative Nodes: 0
Positive Nodes: 1261, Negative Nodes: 0
4.63635064639
19
[383, 1443, 34473, 1707, 5325, 6223, 39926, 10846, 56657, 12265, 12902, 12933, 12943, 17647, 51400, 25190, 52839, 25921, 28534]
Positive Nodes: 9, Negative Nodes: 0
Positive Nodes: 1594, Negative Nodes: 0
4.34403559668
19
[1918, 16153, 48925, 48928, 48930, 48931, 17295, 22296, 22298, 22300, 22302, 22308, 22323, 22324, 22328, 55101, 22339, 25922, 48929]
Positive Nodes: 9, Negative Nodes: 0
Positive Nodes: 1519, Negative Nodes: 0
4.28380035541
19
[1956, 38004, 38006, 8180, 11704, 14645, 18668, 20037, 21519, 21520, 22573, 22575, 22577, 22578, 22579, 22580, 55351, 57504, 3228]
Positive Nodes: 11, Negative Nodes: 0
Positive Nodes: 11, Negative Nodes: 0
3.89388108396
21
[104, 33126, 33127, 33128, 33131, 33132, 33133, 33136, 33138, 33140, 1902, 2174, 2240, 5575, 5576, 8896, 49058, 49059, 19718, 52987, 22645]
Positive Nodes: 12, Negative Nodes: 0
Positive Nodes: 1582, Negative Nodes: 0
3.61337101755
22
[4785, 38158, 38160, 38161, 38162, 38163, 38167, 38168, 38172, 38173, 40613, 7847, 40616, 40617, 40618, 8307, 8950, 11842, 17979, 57587, 38166, 32584]
Positive Nodes: 8, Negative Nodes: 0
Positive Nodes: 1559, Negative Nodes: 0
3.57851090362
18
[3089, 6741, 44205, 46108, 15503, 51060, 20454, 27677, 27678, 27679, 27681, 27683, 27684, 27687, 27699, 27711, 27739, 27762]
Positive Nodes: 8, Negative Nodes: 0
Positive Nodes: 1590, Negative Nodes: 0
3.55110610466
18
[1957, 2215, 10091, 16271, 16286, 49055, 21658, 22585, 22586, 22587, 22589, 22590, 22594, 22615, 22616, 22617, 22618, 55390]
Positive Nodes: 12, Negative Nodes: 0
Positive Nodes: 1586, Negative Nodes: 0
3.55035046546
22
[342, 34129, 1907, 36160, 37805, 7302, 8063, 9459, 50754, 48322, 24438, 48327, 16094, 16095, 20563, 22234, 22237, 22257, 55043, 55047, 23792, 28198]
Positive Nodes: 8, Negative Nodes: 0
Positive Nodes: 1608, Negative Nodes: 0
3.53716948034
18
[3226, 39936, 8025, 11231, 44463, 46002, 13342, 26485, 28526, 28530, 28532, 28533, 28538, 28540, 28544, 28552, 28553, 53925]
Positive Nodes: 8, Negative Nodes: 0
Positive Nodes: 1587, Negative Nodes: 0
3.52240794402
18
[740, 6203, 8393, 8952, 9000, 10168, 12093, 13201, 46382, 13622, 14480, 16670, 16671, 16721, 16724, 16728, 16732, 16734]
Positive Nodes: 12, Negative Nodes: 0
Positive Nodes: 1571, Negative Nodes: 0
3.33459620635
22
[33336, 34965, 34434, 43316, 11167, 12501, 12502, 45290, 13172, 47613, 47616, 14852, 47624, 47625, 14858, 14861, 14862, 14863, 14865, 14866, 14867, 14870]
Positive Nodes: 12, Negative Nodes: 0
Positive Nodes: 1570, Negative Nodes: 0
3.18247156833
22
[67, 875, 1087, 2007, 34848, 34896, 4944, 4946, 4949, 4952, 4953, 4959, 4962, 4967, 4969, 4973, 38748, 18650, 53431, 23542, 32106, 32131]
Positive Nodes: 8, Negative Nodes: 0
Positive Nodes: 1521, Negative Nodes: 0
3.00800237235
18
[1693, 2480, 36500, 17451, 17606, 16418, 50217, 50219, 50220, 50221, 25116, 25117, 22504, 23842, 25124, 58166, 25494, 25519]
Positive Nodes: 8, Negative Nodes: 0
Positive Nodes: 1076, Negative Nodes: 0
2.84005897607
18
[1559, 10507, 11753, 45292, 19752, 20722, 20723, 20724, 20725, 20726, 53495, 20728, 20729, 20731, 41687, 41689, 20782, 20787]
Positive Nodes: 8, Negative Nodes: 0
Positive Nodes: 1568, Negative Nodes: 0
2.77579288824
18
[413, 1716, 38859, 6225, 8763, 11574, 11586, 44369, 11602, 44906, 13626, 46402, 46405, 13639, 13640, 22283, 55764, 37445]
Positive Nodes: 7, Negative Nodes: 0
Positive Nodes: 1540, Negative Nodes: 0
2.27324593284
17
[659, 39202, 40148, 8028, 8057, 8948, 9886, 10508, 13226, 14644, 16040, 16071, 16085, 16087, 16089, 48873, 28442]
Positive Nodes: 7, Negative Nodes: 0
Positive Nodes: 1582, Negative Nodes: 0
1.80096999973
17
[3340, 13826, 14361, 14363, 14365, 17215, 17683, 51558, 51628, 24261, 24263, 24267, 26075, 28934, 29136, 29138, 29139]
Positive Nodes: 12, Negative Nodes: 0
Positive Nodes: 1398, Negative Nodes: 0
1.77622170679
23
[209, 1939, 35820, 3053, 6626, 6661, 6725, 6743, 39633, 39634, 6954, 7225, 8472, 34312, 42148, 9381, 42378, 11365, 18125, 51315, 19437, 28392, 28399]
Positive Nodes: 7, Negative Nodes: 0
Positive Nodes: 1576, Negative Nodes: 0
1.77469915705
17
[2480, 36500, 17451, 17606, 16418, 50210, 50214, 50215, 50216, 50217, 50219, 50220, 50221, 22504, 25488, 25494, 25519]
Positive Nodes: 12, Negative Nodes: 0
Positive Nodes: 1549, Negative Nodes: 0
1.70660382121
23
[5, 125, 127, 32898, 132, 134, 137, 537, 539, 549, 6556, 6561, 6562, 6564, 6570, 6571, 12382, 14617, 14618, 14623, 14643, 49799, 22169]
Positive Nodes: 7, Negative Nodes: 0
Positive Nodes: 7, Negative Nodes: 0
1.48137207635
17
[698, 3070, 39487, 6959, 34289, 9874, 46216, 13453, 46227, 16444, 16446, 16447, 16448, 16450, 49230, 16466, 16468]
Positive Nodes: 7, Negative Nodes: 0
Positive Nodes: 1621, Negative Nodes: 0
1.13029530753
16
[2887, 39525, 12802, 46520, 50650, 50656, 50658, 23083, 26604, 26605, 26608, 26609, 26649, 26652, 4467, 42697]
Positive Nodes: 7, Negative Nodes: 0
Positive Nodes: 1386, Negative Nodes: 0
0.925920249897
16
[511, 8408, 45092, 8450, 11949, 12326, 45095, 14497, 14524, 14555, 14557, 14558, 14559, 14560, 23154, 30794]
Positive Nodes: 7, Negative Nodes: 0
Positive Nodes: 1417, Negative Nodes: 0
0.884100060606
16
[24, 1428, 1429, 1431, 1435, 1436, 1920, 9573, 14093, 15184, 49912, 52756, 20006, 20008, 20013, 20025]
Positive Nodes: 7, Negative Nodes: 0
Positive Nodes: 1596, Negative Nodes: 0
0.8710480711
16
[188, 33358, 603, 6240, 8747, 8819, 8831, 11638, 12568, 45376, 24337, 47728, 14977, 15016, 18258, 32615]
Positive Nodes: 7, Negative Nodes: 0
Positive Nodes: 1526, Negative Nodes: 0
0.858549705381
16
[11, 818, 853, 857, 860, 861, 863, 864, 865, 871, 44670, 13981, 50186, 17422, 50218, 50222]
Positive Nodes: 7, Negative Nodes: 0
Positive Nodes: 1568, Negative Nodes: 0
0.836339593418
16
[215, 40177, 40183, 8117, 9482, 9772, 9776, 9778, 9782, 11732, 48314, 52297, 52298, 52299, 20556, 31195]
Positive Nodes: 7, Negative Nodes: 0
Positive Nodes: 1496, Negative Nodes: 0
0.796101665853
16
[1398, 44985, 12230, 47196, 15178, 19929, 19930, 19931, 19932, 19934, 19935, 19937, 19939, 52708, 19942, 30953]
Positive Nodes: 7, Negative Nodes: 0
Positive Nodes: 1532, Negative Nodes: 0
0.724777801926
16
[1138, 1911, 39420, 39783, 40185, 8276, 41864, 11487, 13529, 47487, 18808, 18813, 18815, 18820, 19374, 55048]
Positive Nodes: 7, Negative Nodes: 0
Positive Nodes: 1554, Negative Nodes: 0
0.612705613724
16
[12257, 49607, 49608, 49609, 49610, 49611, 49612, 49614, 23893, 56675, 56725, 24037, 25163, 57932, 25177, 58181]
Positive Nodes: 7, Negative Nodes: 0
Positive Nodes: 358, Negative Nodes: 0
0.549844213341
16
[719, 2115, 7331, 32988, 9016, 45016, 45736, 49314, 49322, 16555, 16558, 16564, 16567, 16570, 16571, 16351]
Positive Nodes: 6, Negative Nodes: 0
Positive Nodes: 1562, Negative Nodes: 0
0.348694480718
15
[1702, 10584, 48515, 15827, 17302, 20453, 21094, 21099, 21100, 53870, 21103, 21106, 21108, 53881, 29039]
Positive Nodes: 6, Negative Nodes: 0
Positive Nodes: 7, Negative Nodes: 0
0.302413709969
15
[420, 37380, 39937, 39948, 24323, 43567, 43568, 11217, 12883, 13230, 46556, 13793, 55185, 56569, 48963]
Positive Nodes: 6, Negative Nodes: 0
Positive Nodes: 1557, Negative Nodes: 0
0.293190793505
15
[1082, 4141, 36911, 33970, 7322, 7357, 7547, 9650, 9684, 10503, 11765, 12185, 18527, 22425, 22501]
Positive Nodes: 6, Negative Nodes: 0
Positive Nodes: 1468, Negative Nodes: 0
0.289795199671
15
[1817, 5821, 6275, 6520, 34052, 41654, 47809, 21467, 54236, 54238, 21489, 54266, 24982, 29925, 29926]
Positive Nodes: 6, Negative Nodes: 0
Positive Nodes: 1581, Negative Nodes: 0
0.247190686773
15
[173, 37831, 37832, 37833, 38322, 6821, 40851, 12327, 12328, 8434, 8439, 8445, 45099, 8456, 22032]
Positive Nodes: 6, Negative Nodes: 0
Positive Nodes: 1541, Negative Nodes: 0
0.245018533233
15
[802, 39644, 6907, 9290, 9310, 9320, 9326, 46596, 35073, 46601, 46602, 17221, 17223, 17225, 19658]
Positive Nodes: 12, Negative Nodes: 0
Positive Nodes: 1573, Negative Nodes: 0
0.243512748133
25
[620, 36613, 39950, 40061, 7406, 8104, 42332, 9566, 42354, 42429, 43295, 45438, 45447, 12680, 45449, 45451, 47831, 15067, 15078, 15080, 15081, 15087, 16368, 54713, 42088]
Positive Nodes: 6, Negative Nodes: 0
Positive Nodes: 1553, Negative Nodes: 0
0.242556881102
15
[15, 1092, 1095, 1096, 1099, 1102, 1108, 1112, 6049, 18288, 18560, 18561, 18713, 18746, 18747]
Positive Nodes: 12, Negative Nodes: 0
Positive Nodes: 1577, Negative Nodes: 0
0.23435958193
25
[1844, 40115, 9676, 50280, 21267, 21503, 21504, 21505, 21506, 21507, 21508, 21514, 54283, 54284, 21518, 21521, 21522, 21523, 21524, 21528, 21529, 54300, 21533, 21534, 21535]
Positive Nodes: 6, Negative Nodes: 0
Positive Nodes: 1519, Negative Nodes: 0
0.22190908733
15
[603, 6240, 8747, 12130, 45376, 12632, 45402, 45404, 45406, 45408, 45409, 15016, 15026, 18258, 32615]
Positive Nodes: 6, Negative Nodes: 0
Positive Nodes: 1489, Negative Nodes: 0
0.210968088377
15
[1067, 2200, 37783, 37784, 8062, 14449, 18340, 18342, 18344, 18345, 18346, 18347, 18348, 18349, 18351]
Positive Nodes: 6, Negative Nodes: 0
Positive Nodes: 1563, Negative Nodes: 0
0.205021270482
15
[33348, 33349, 33350, 33352, 33356, 583, 590, 5638, 50566, 18193, 25053, 26454, 27949, 29874, 30808]
Positive Nodes: 6, Negative Nodes: 0
Positive Nodes: 229, Negative Nodes: 0
0.203089656577
15
[1845, 1848, 1849, 1852, 12163, 14224, 21541, 21542, 21543, 21544, 41820, 21546, 54331, 21565, 21575]
Positive Nodes: 6, Negative Nodes: 0
Positive Nodes: 6, Negative Nodes: 0
0.0846277726437
14
[2299, 13323, 15679, 17061, 49834, 17071, 24612, 24613, 24638, 24658, 24671, 24674, 57445, 57449]
Positive Nodes: 6, Negative Nodes: 0
Positive Nodes: 1169, Negative Nodes: 0
0.0823199397339
14
[37, 1165, 1167, 1197, 2781, 2782, 2790, 2805, 19033, 19038, 19039, 25967, 25976, 25979]
Positive Nodes: 13, Negative Nodes: 0
Positive Nodes: 1571, Negative Nodes: 0
0.0760423153382
26
[149, 33852, 1863, 35105, 35106, 2340, 3256, 6281, 6598, 6627, 39477, 6736, 6738, 39851, 33951, 7101, 7111, 7690, 9119, 9449, 9518, 12562, 48874, 20827, 21591, 28558]
Positive Nodes: 13, Negative Nodes: 0
Positive Nodes: 1592, Negative Nodes: 0
0.0669925402609
26
[773, 34328, 34329, 37881, 6188, 7739, 8109, 9332, 9494, 42920, 10307, 13219, 46567, 13801, 14348, 49921, 17155, 17156, 17157, 17158, 17165, 20525, 56217, 27821, 30677, 54268]
Positive Nodes: 6, Negative Nodes: 0
Positive Nodes: 1218, Negative Nodes: 0
0.0631592255073
14
[34389, 38185, 38186, 38187, 38188, 38189, 38190, 38191, 8308, 13494, 23390, 56161, 56164, 32709]
Positive Nodes: 6, Negative Nodes: 0
Positive Nodes: 6, Negative Nodes: 0
0.0626451410653
14
[444, 10320, 45448, 11548, 11743, 44738, 45002, 45418, 12799, 46846, 14087, 46369, 46855, 29495]
Positive Nodes: 6, Negative Nodes: 0
Positive Nodes: 655, Negative Nodes: 0
0.0618575657736
14
[87, 5268, 5269, 5270, 5271, 5275, 12741, 12887, 49158, 21501, 32593, 32596, 32600, 32605]
Positive Nodes: 13, Negative Nodes: 0
Positive Nodes: 1593, Negative Nodes: 0
0.0581711534812
26
[2194, 13532, 12534, 48744, 16807, 49598, 49615, 49616, 49617, 49618, 49619, 49620, 22893, 56659, 24035, 24036, 24038, 24045, 56832, 56833, 56853, 56854, 25141, 57928, 31391, 31402]
Positive Nodes: 6, Negative Nodes: 0
Positive Nodes: 1540, Negative Nodes: 0
0.0577303750706
14
[3767, 44125, 30286, 30287, 30288, 30289, 30291, 30292, 30293, 30294, 21433, 30296, 30297, 30306]
Positive Nodes: 6, Negative Nodes: 0
Positive Nodes: 420, Negative Nodes: 0
0.0553045448041
14
[1557, 35518, 2751, 6816, 15595, 48365, 48367, 48369, 20705, 53477, 20715, 20717, 20719, 20882]
Positive Nodes: 6, Negative Nodes: 0
Positive Nodes: 1561, Negative Nodes: 0
0.0529862528438
14
[1239, 40270, 41843, 9888, 10888, 12824, 12978, 12999, 19220, 19221, 19226, 19227, 23863, 31777]
Positive Nodes: 6, Negative Nodes: 0
Positive Nodes: 1580, Negative Nodes: 0
0.0503431398083
14
[2350, 36579, 9563, 9612, 11711, 12089, 15722, 49838, 53029, 22546, 22547, 53293, 57641, 55386]
Positive Nodes: 6, Negative Nodes: 0
Positive Nodes: 1556, Negative Nodes: 0
0.048825240025
14
[460, 12062, 12066, 44840, 44841, 44842, 44844, 44846, 47011, 14248, 14255, 14265, 47035, 14268]
Positive Nodes: 6, Negative Nodes: 0
Positive Nodes: 1587, Negative Nodes: 0
0.0437331018051
14
[3451, 51766, 51767, 51768, 51769, 29522, 29523, 29524, 29525, 29526, 29527, 29549, 29570, 29574]
Positive Nodes: 6, Negative Nodes: 0
Positive Nodes: 1400, Negative Nodes: 0
0.0180751542257
13
[34082, 2428, 37974, 37976, 8173, 56880, 25339, 25341, 30699, 30708, 30710, 30723, 30731]
Positive Nodes: 6, Negative Nodes: 0
Positive Nodes: 1602, Negative Nodes: 0
0.0172504423548
13
[117, 2146, 5199, 6507, 6509, 6512, 6513, 3105, 20702, 22361, 22369, 22371, 26417]
Positive Nodes: 13, Negative Nodes: 0
Positive Nodes: 1526, Negative Nodes: 0
0.0162520978707
27
[145, 2208, 35495, 2730, 2732, 35505, 35515, 35516, 6582, 6605, 35136, 6618, 6747, 6778, 6781, 6797, 6801, 6806, 6812, 6814, 6815, 6817, 6819, 8047, 12194, 49133, 20880]
Positive Nodes: 6, Negative Nodes: 0
Positive Nodes: 1472, Negative Nodes: 0
0.0159225390215
13
[1505, 13938, 48203, 48240, 48254, 48269, 20386, 20388, 53159, 53170, 53171, 20424, 25931]
Positive Nodes: 13, Negative Nodes: 0
Positive Nodes: 1413, Negative Nodes: 0
0.0147866267875
27
[1864, 11636, 13205, 14294, 15938, 48724, 48725, 48726, 48727, 17282, 17307, 18079, 47067, 21593, 21596, 21601, 21606, 21611, 21613, 21615, 54385, 54394, 54406, 21651, 54818, 26987, 30685]
Positive Nodes: 6, Negative Nodes: 0
Positive Nodes: 1529, Negative Nodes: 0
0.0142141561214
13
[2480, 36500, 17606, 16418, 50210, 50214, 50215, 50216, 50220, 50221, 22504, 25488, 25519]
Positive Nodes: 6, Negative Nodes: 0
Positive Nodes: 6, Negative Nodes: 0
0.0139630886794
13
[31, 1845, 1846, 1847, 1849, 1852, 12244, 19749, 21537, 21538, 21539, 22779, 26857]
Positive Nodes: 6, Negative Nodes: 0
Positive Nodes: 1525, Negative Nodes: 0
0.0136238776805
13
[217, 34369, 34550, 1783, 6196, 6260, 6304, 9785, 9788, 9789, 12745, 20584, 25098]
Positive Nodes: 13, Negative Nodes: 0
Positive Nodes: 1427, Negative Nodes: 0
0.0135670482963
27
[229, 7036, 40472, 40473, 7706, 40475, 8031, 9418, 9914, 10044, 42819, 42820, 10065, 10067, 10068, 10069, 10071, 10076, 10089, 42864, 12885, 15034, 19657, 53582, 22840, 29124, 31133]
Positive Nodes: 6, Negative Nodes: 0
Positive Nodes: 1583, Negative Nodes: 0
0.0134793610655
13
[1168, 2878, 36439, 38198, 8329, 10155, 43940, 18642, 19043, 19065, 19090, 25829, 28524]
Positive Nodes: 6, Negative Nodes: 0
Positive Nodes: 1480, Negative Nodes: 0
0.0129263874265
13
[15, 1095, 1096, 1099, 1108, 1112, 6049, 16493, 18746, 18747, 52462, 52464, 31763]
Positive Nodes: 13, Negative Nodes: 0
Positive Nodes: 1588, Negative Nodes: 0
0.0128754642306
27
[639, 37811, 37812, 39286, 7656, 8989, 34269, 43665, 12958, 12959, 12961, 45732, 45735, 48193, 48329, 15588, 15589, 15592, 15594, 48370, 15603, 15604, 15605, 15606, 27646, 30263, 54198]
Positive Nodes: 6, Negative Nodes: 0
Positive Nodes: 977, Negative Nodes: 0
0.0126735858441
13
[2968, 7653, 11147, 45124, 18140, 51057, 25952, 27175, 27267, 27272, 27318, 27350, 30010]
Positive Nodes: 6, Negative Nodes: 0
Positive Nodes: 1530, Negative Nodes: 0
0.0126327098042
13
[35406, 35407, 35408, 35409, 35410, 2644, 35423, 6776, 7337, 50791, 4134, 27054, 32011]
Positive Nodes: 6, Negative Nodes: 0
Positive Nodes: 1540, Negative Nodes: 0
0.0122656410745
13
[802, 39644, 6907, 9290, 9310, 9326, 46596, 35073, 46601, 46602, 17221, 17223, 17225]
Positive Nodes: 6, Negative Nodes: 0
Positive Nodes: 1549, Negative Nodes: 0
0.0120901349388
13
[901, 37998, 7584, 44317, 44776, 14062, 14069, 17563, 17567, 17568, 17573, 17574, 17577]
Positive Nodes: 13, Negative Nodes: 0
Positive Nodes: 1537, Negative Nodes: 0
0.0114561105579
27
[295, 6206, 6269, 6348, 41866, 9142, 9321, 9325, 42102, 11422, 11430, 18289, 11433, 11436, 11438, 51059, 11447, 11449, 11451, 11453, 11468, 44237, 11474, 11475, 46235, 49231, 27021]
Positive Nodes: 6, Negative Nodes: 0
Positive Nodes: 6, Negative Nodes: 0
0.0111356648359
13
[38062, 11177, 14770, 14798, 47567, 47570, 47571, 47572, 47573, 47574, 18980, 21536, 31430]
Positive Nodes: 6, Negative Nodes: 0
Positive Nodes: 97, Negative Nodes: 0
0.0111053138709
13
[2923, 42376, 24536, 17823, 50761, 26877, 26878, 26906, 26956, 26965, 26970, 26971, 27641]
Positive Nodes: 6, Negative Nodes: 0
Positive Nodes: 1569, Negative Nodes: 0
0.0105514794359
13
[642, 38412, 38411, 6199, 8463, 11914, 18408, 12981, 24451, 15646, 15647, 15894, 57347]
Positive Nodes: 6, Negative Nodes: 0
Positive Nodes: 1487, Negative Nodes: 0
0.0105119085215
13
[2219, 39346, 9018, 49090, 54677, 24186, 24188, 24194, 24197, 24198, 24211, 56983, 56984]
Positive Nodes: 6, Negative Nodes: 0
Positive Nodes: 1592, Negative Nodes: 0
0.00963326401848
13
[1285, 44777, 47701, 47702, 19331, 19332, 19333, 52102, 19335, 19336, 19337, 19338, 56307]
Positive Nodes: 5, Negative Nodes: 0
Positive Nodes: 6, Negative Nodes: 0
0.00271077424034
12
[2897, 3126, 40219, 45938, 13383, 15611, 18298, 53583, 20828, 56491, 26833, 21499]
Positive Nodes: 5, Negative Nodes: 0
Positive Nodes: 7, Negative Nodes: 0
0.00249836041255
12
[389, 576, 599, 4529, 6524, 7736, 45211, 13013, 45793, 14907, 47779, 19182]
Positive Nodes: 5, Negative Nodes: 0
Positive Nodes: 9, Negative Nodes: 0
0.00241462131097
12
[915, 8748, 12349, 14578, 50387, 17633, 17635, 17642, 50419, 22545, 25684, 27662]
Positive Nodes: 5, Negative Nodes: 0
Positive Nodes: 1591, Negative Nodes: 0
0.00230122415485
12
[215, 40177, 40183, 8117, 9482, 9772, 9776, 9778, 9782, 11732, 48314, 20556]
Positive Nodes: 5, Negative Nodes: 0
Positive Nodes: 1456, Negative Nodes: 0
0.00224518997393
12
[961, 35513, 2774, 6808, 56604, 17857, 17861, 17862, 17863, 17864, 52992, 22895]
Positive Nodes: 5, Negative Nodes: 0
Positive Nodes: 6, Negative Nodes: 0
0.00220217395048
12
[115, 34182, 34184, 34185, 1418, 6085, 6168, 6171, 6174, 6179, 18805, 27891]
Positive Nodes: 5, Negative Nodes: 0
Positive Nodes: 1575, Negative Nodes: 0
0.00220185969851
12
[1955, 2538, 37820, 6332, 7948, 40848, 10598, 45452, 14665, 18724, 21466, 25658]
Positive Nodes: 5, Negative Nodes: 0
Positive Nodes: 1269, Negative Nodes: 0
0.0021741303609
12
[420, 37380, 11217, 11674, 13230, 46555, 46556, 13793, 17423, 24015, 32088, 32140]
Positive Nodes: 14, Negative Nodes: 0
Positive Nodes: 1577, Negative Nodes: 0
0.00215767157031
28
[2303, 2305, 35087, 2325, 2330, 4558, 5046, 38557, 38558, 38559, 38560, 38561, 6595, 6979, 7355, 10117, 13790, 13808, 13827, 46605, 35075, 13844, 35080, 46649, 21659, 26103, 26164, 26180]
Positive Nodes: 5, Negative Nodes: 0
Positive Nodes: 1205, Negative Nodes: 0
0.00204153339419
12
[188, 33358, 2000, 6359, 8819, 8831, 11638, 44735, 12568, 24337, 47728, 14977]
Positive Nodes: 5, Negative Nodes: 0
Positive Nodes: 1527, Negative Nodes: 0
0.0019234236362
12
[2410, 17214, 17375, 25268, 25269, 25270, 25275, 25277, 25278, 25280, 25284, 25290]
Positive Nodes: 5, Negative Nodes: 0
Positive Nodes: 6, Negative Nodes: 0
0.00190811714702
12
[4138, 6528, 18064, 52233, 52234, 52235, 20147, 24399, 30946, 30947, 30948, 30952]
Positive Nodes: 5, Negative Nodes: 0
Positive Nodes: 6, Negative Nodes: 0
0.00182187114675
12
[4587, 7766, 19940, 54106, 54107, 54108, 54124, 21358, 21360, 54132, 24696, 57472]
Positive Nodes: 5, Negative Nodes: 0
Positive Nodes: 6, Negative Nodes: 0
0.00178165446566
12
[1693, 2480, 17451, 16418, 50217, 50219, 25116, 25117, 23842, 25124, 58166, 25494]
Positive Nodes: 5, Negative Nodes: 0
Positive Nodes: 973, Negative Nodes: 0
0.00172830820715
12
[507, 578, 34431, 34433, 1667, 6214, 8545, 9972, 47693, 15000, 19539, 23590]
Positive Nodes: 14, Negative Nodes: 0
Positive Nodes: 1527, Negative Nodes: 0
0.00165975485899
28
[112, 34223, 34225, 34246, 34247, 34263, 1501, 34271, 34286, 4830, 6107, 6108, 6112, 6121, 6123, 6126, 6127, 6133, 6136, 6149, 6151, 6163, 9557, 44474, 15046, 48450, 20971, 31148]
Positive Nodes: 5, Negative Nodes: 0
Positive Nodes: 6, Negative Nodes: 0
0.00158243899413
12
[24, 1429, 1430, 1435, 1436, 14093, 19998, 19999, 20000, 20002, 20003, 20004]
Positive Nodes: 5, Negative Nodes: 0
Positive Nodes: 7, Negative Nodes: 0
0.00149505563316
12
[383, 1443, 5325, 39926, 10846, 56657, 12265, 12902, 12933, 12943, 25190, 52839]
Positive Nodes: 5, Negative Nodes: 0
Positive Nodes: 6, Negative Nodes: 0
0.00119356655064
12
[50, 37600, 4844, 4846, 4848, 4860, 4864, 4865, 45936, 31971, 32003, 32004]
Positive Nodes: 5, Negative Nodes: 0
Positive Nodes: 1285, Negative Nodes: 0
0.000683228061384
12
[2882, 17865, 50643, 26575, 26576, 26577, 26578, 26598, 26599, 26600, 26601, 26603]
Positive Nodes: 5, Negative Nodes: 0
Positive Nodes: 1583, Negative Nodes: 0
0.000327080205541
11
[3295, 16600, 18692, 51547, 51548, 28869, 28884, 28886, 28887, 28888, 28899]
Positive Nodes: 5, Negative Nodes: 0
Positive Nodes: 148, Negative Nodes: 0
0.000302465073618
11
[45, 928, 945, 4544, 8061, 19334, 17720, 17721, 17722, 17725, 38002]
Positive Nodes: 5, Negative Nodes: 0
Positive Nodes: 5, Negative Nodes: 0
0.000300984413091
11
[16, 1128, 1133, 47459, 14694, 17950, 18794, 18795, 18796, 18797, 18800]
Positive Nodes: 5, Negative Nodes: 0
Positive Nodes: 1572, Negative Nodes: 0
0.000288351731923
11
[3328, 6918, 35162, 12121, 45411, 15033, 49645, 52653, 26836, 29114, 29115]
Positive Nodes: 15, Negative Nodes: 0
Positive Nodes: 1583, Negative Nodes: 0
0.000279130986901
29
[237, 34316, 2572, 38208, 6185, 6711, 7238, 40619, 40632, 40635, 8447, 8758, 10255, 10257, 10263, 10264, 10272, 43043, 10279, 10281, 10282, 10284, 10285, 44744, 14647, 47800, 19646, 21583, 31344]
Positive Nodes: 5, Negative Nodes: 0
Positive Nodes: 532, Negative Nodes: 0
0.000274541123248
11
[1870, 2031, 6312, 45500, 48747, 17913, 21708, 54481, 21726, 21753, 23142]
Positive Nodes: 5, Negative Nodes: 0
Positive Nodes: 1566, Negative Nodes: 0
0.000272378138046
11
[383, 34473, 1707, 6223, 56657, 12902, 12933, 17647, 51400, 25921, 28534]
Positive Nodes: 5, Negative Nodes: 0
Positive Nodes: 1487, Negative Nodes: 0
0.00026974775395
11
[35429, 35430, 2663, 35434, 35435, 35436, 2669, 6785, 45743, 18512, 53633]
Positive Nodes: 5, Negative Nodes: 0
Positive Nodes: 1349, Negative Nodes: 0
0.000265982230186
11
[2872, 36846, 1592, 11715, 46699, 15655, 17309, 25980, 26486, 26487, 26488]
Positive Nodes: 5, Negative Nodes: 0
Positive Nodes: 533, Negative Nodes: 0
0.000250767746025
11
[24, 1429, 1431, 1435, 1436, 14093, 15184, 20006, 20008, 20013, 20025]
Positive Nodes: 5, Negative Nodes: 0
Positive Nodes: 5, Negative Nodes: 0
0.000247342378089
11
[232, 33500, 34360, 6194, 8996, 10132, 10138, 10139, 42919, 11958, 14136]
Positive Nodes: 5, Negative Nodes: 0
Positive Nodes: 5, Negative Nodes: 0
0.000242707272314
11
[2234, 12561, 49682, 18156, 24271, 24275, 57056, 57060, 24299, 24305, 24306]
Positive Nodes: 15, Negative Nodes: 0
Positive Nodes: 1563, Negative Nodes: 0
0.000241680410494
29
[45, 928, 4505, 37303, 4537, 4541, 4542, 4543, 4544, 7721, 8061, 12477, 17558, 19334, 17720, 17721, 17722, 17725, 51838, 52347, 57081, 25752, 29694, 31348, 31352, 31356, 31358, 31387, 38002]
Positive Nodes: 5, Negative Nodes: 0
Positive Nodes: 795, Negative Nodes: 0
0.000240460451235
11
[45, 928, 37303, 4543, 4544, 19334, 51838, 57081, 29694, 31387, 38002]
Positive Nodes: 5, Negative Nodes: 0
Positive Nodes: 1519, Negative Nodes: 0
0.000239456808892
11
[668, 36339, 4522, 38431, 6804, 8465, 48933, 48934, 17501, 21109, 25708]
Positive Nodes: 5, Negative Nodes: 0
Positive Nodes: 1568, Negative Nodes: 0
0.000238039901899
11
[34764, 37971, 8158, 35498, 18674, 18804, 21502, 22866, 3811, 55649, 22890]
Positive Nodes: 5, Negative Nodes: 0
Positive Nodes: 5, Negative Nodes: 0
0.000237651893355
11
[449, 40218, 9815, 11996, 12000, 46215, 46955, 46956, 46957, 20894, 30636]
Positive Nodes: 5, Negative Nodes: 0
Positive Nodes: 5, Negative Nodes: 0
0.00023518802811
11
[1039, 39920, 18226, 18227, 18229, 18230, 18231, 18232, 18233, 18235, 18236]
Positive Nodes: 5, Negative Nodes: 0
Positive Nodes: 5, Negative Nodes: 0
0.00023249679648
11
[43923, 1805, 48631, 48639, 48641, 54155, 21395, 21400, 22857, 57824, 25351]
Positive Nodes: 5, Negative Nodes: 0
Positive Nodes: 1530, Negative Nodes: 0
0.000229515989359
11
[37542, 37546, 37547, 7907, 9463, 21396, 54169, 24707, 24722, 24725, 42972]
Positive Nodes: 15, Negative Nodes: 0
Positive Nodes: 1529, Negative Nodes: 0
0.000228440138924
29
[34845, 2078, 2380, 6401, 40203, 41713, 50104, 24736, 50114, 50115, 50116, 50117, 50118, 50119, 50120, 18725, 54760, 24005, 25109, 25110, 25111, 57883, 57884, 57885, 57886, 25120, 57896, 57897, 57898]
Positive Nodes: 5, Negative Nodes: 0
Positive Nodes: 1550, Negative Nodes: 0
0.000226717288257
11
[1795, 9738, 48273, 48609, 48630, 21379, 21382, 54153, 21386, 56539, 23772]
Positive Nodes: 5, Negative Nodes: 0
Positive Nodes: 1326, Negative Nodes: 0
0.000205693712906
11
[1319, 6375, 44508, 11810, 12889, 35083, 19627, 19628, 19632, 19636, 19637]
Positive Nodes: 5, Negative Nodes: 0
Positive Nodes: 1535, Negative Nodes: 0
0.000196248713946
11
[36311, 36313, 36315, 36316, 36317, 36318, 7231, 11662, 20364, 24143, 27356]
Positive Nodes: 5, Negative Nodes: 0
Positive Nodes: 1551, Negative Nodes: 0
0.000191913923577
11
[87, 5268, 5269, 5270, 5275, 12741, 12887, 49158, 32593, 32596, 32600]
Positive Nodes: 5, Negative Nodes: 0
Positive Nodes: 1561, Negative Nodes: 0
0.000188734103992
11
[170, 38263, 7534, 34161, 8382, 8384, 8385, 12322, 17084, 54690, 28196]
Positive Nodes: 5, Negative Nodes: 0
Positive Nodes: 1568, Negative Nodes: 0
0.000177044440291
11
[38868, 5213, 52184, 52746, 19981, 22346, 26982, 30767, 32499, 32500, 32503]
Positive Nodes: 5, Negative Nodes: 0
Positive Nodes: 1481, Negative Nodes: 0
0.000176099409379
11
[460, 12062, 12066, 44840, 44841, 44846, 47011, 14248, 14265, 47035, 14268]
Positive Nodes: 5, Negative Nodes: 0
Positive Nodes: 1539, Negative Nodes: 0
0.000174912048102
11
[49607, 49610, 49611, 49612, 49614, 56725, 24037, 25163, 57932, 25177, 58181]
Positive Nodes: 5, Negative Nodes: 0
Positive Nodes: 873, Negative Nodes: 0
0.000169342412728
11
[560, 33351, 16487, 2042, 42413, 14745, 55926, 55974, 55989, 55990, 26215]
Positive Nodes: 5, Negative Nodes: 0
Positive Nodes: 1503, Negative Nodes: 0
0.000167481159667
11
[34155, 34156, 34158, 1391, 34162, 1603, 6064, 8357, 34763, 46912, 20455]
Positive Nodes: 5, Negative Nodes: 0
Positive Nodes: 1570, Negative Nodes: 0
0.000156412767477
11
[2843, 11563, 13400, 13411, 13422, 46213, 46214, 49193, 26253, 26257, 26267]
Positive Nodes: 5, Negative Nodes: 0
Positive Nodes: 1520, Negative Nodes: 0
0.000155077144396
11
[35612, 3166, 7801, 8671, 9656, 9693, 12870, 47974, 26347, 26348, 26362]
Positive Nodes: 5, Negative Nodes: 0
Positive Nodes: 1466, Negative Nodes: 0
3.58335228931e-05
10
[2231, 11358, 9596, 49673, 52179, 57015, 57016, 26994, 28537, 30752]
Positive Nodes: 5, Negative Nodes: 0
Positive Nodes: 1591, Negative Nodes: 0
3.25936684313e-05
10
[240, 33856, 7886, 40660, 7895, 23379, 10311, 10313, 10319, 27020]
Positive Nodes: 5, Negative Nodes: 0
Positive Nodes: 6, Negative Nodes: 0
2.88926323912e-05
10
[990, 14274, 40609, 18006, 18035, 18036, 18041, 18042, 18043, 18046]
Positive Nodes: 5, Negative Nodes: 0
Positive Nodes: 1548, Negative Nodes: 0
2.81721578149e-05
10
[2897, 3126, 40219, 45938, 13383, 18298, 53583, 20828, 26833, 21499]
Positive Nodes: 5, Negative Nodes: 0
Positive Nodes: 94, Negative Nodes: 0
2.72613735075e-05
10
[24, 1428, 1429, 1435, 1436, 1920, 9573, 14093, 49912, 52756]
Positive Nodes: 5, Negative Nodes: 0
Positive Nodes: 830, Negative Nodes: 0
2.69765291993e-05
10
[45, 928, 37303, 4542, 4544, 17558, 19334, 25752, 31358, 38002]
Positive Nodes: 5, Negative Nodes: 0
Positive Nodes: 1172, Negative Nodes: 0
2.65601819411e-05
10
[37, 1165, 1167, 1197, 2782, 2790, 2805, 19033, 19038, 19039]
Positive Nodes: 5, Negative Nodes: 0
Positive Nodes: 1549, Negative Nodes: 0
2.6482237156e-05
10
[215, 40177, 40183, 8117, 9482, 9772, 9776, 9778, 9782, 11732]
Positive Nodes: 5, Negative Nodes: 0
Positive Nodes: 6, Negative Nodes: 0
2.59410648038e-05
10
[431, 34014, 6055, 41496, 41688, 41915, 9153, 13976, 20438, 53212]
Positive Nodes: 5, Negative Nodes: 0
Positive Nodes: 1499, Negative Nodes: 0
2.43220714591e-05
10
[3316, 4405, 37183, 37184, 7671, 9472, 11789, 22892, 28556, 28620]
Positive Nodes: 5, Negative Nodes: 0
Positive Nodes: 7, Negative Nodes: 0
2.42004971404e-05
10
[99, 32791, 32798, 5375, 5376, 5380, 5384, 8302, 12015, 5377]
Positive Nodes: 5, Negative Nodes: 0
Positive Nodes: 6, Negative Nodes: 0
2.39397902672e-05
10
[45, 928, 4505, 37303, 4541, 4544, 7721, 19334, 31356, 38002]
Positive Nodes: 5, Negative Nodes: 0
Positive Nodes: 1570, Negative Nodes: 0
2.33977823702e-05
10
[217, 34369, 34550, 6196, 6260, 6304, 9785, 9788, 9789, 12745]
Positive Nodes: 5, Negative Nodes: 0
Positive Nodes: 5, Negative Nodes: 0
2.32103693025e-05
10
[572, 7003, 33151, 45302, 35082, 14885, 14886, 14888, 14897, 49738]
Positive Nodes: 5, Negative Nodes: 0
Positive Nodes: 7, Negative Nodes: 0
2.26036720596e-05
10
[725, 11397, 13562, 46347, 13580, 16615, 16618, 23689, 30073, 31072]
Positive Nodes: 5, Negative Nodes: 0
Positive Nodes: 5, Negative Nodes: 0
2.20915778106e-05
10
[587, 33364, 34904, 2137, 6503, 47746, 14982, 14986, 20692, 20697]
Positive Nodes: 5, Negative Nodes: 0
Positive Nodes: 935, Negative Nodes: 0
2.16811291969e-05
10
[1513, 44681, 20457, 20458, 20461, 53247, 53248, 20486, 53262, 26572]
Positive Nodes: 5, Negative Nodes: 0
Positive Nodes: 982, Negative Nodes: 0
2.16440538416e-05
10
[188, 603, 6240, 8747, 8819, 8831, 45376, 15016, 18258, 32615]
Positive Nodes: 5, Negative Nodes: 0
Positive Nodes: 1126, Negative Nodes: 0
2.10846053624e-05
10
[215, 40177, 9772, 9778, 48314, 52297, 52298, 52299, 20556, 31195]
Positive Nodes: 5, Negative Nodes: 0
Positive Nodes: 745, Negative Nodes: 0
2.08515109106e-05
10
[1047, 6382, 6527, 10911, 24243, 24244, 18250, 18252, 18254, 22797]
Positive Nodes: 15, Negative Nodes: 0
Positive Nodes: 1494, Negative Nodes: 0
2.05973219641e-05
30
[2658, 2851, 37696, 37697, 37698, 37700, 37703, 37704, 37705, 37706, 37707, 37708, 5240, 8030, 51406, 54044, 21283, 21284, 21285, 21286, 54195, 54196, 54197, 21430, 54199, 54201, 23144, 57502, 28346, 28546]
Positive Nodes: 5, Negative Nodes: 0
Positive Nodes: 783, Negative Nodes: 0
1.99226999195e-05
10
[1168, 2878, 36439, 10155, 43940, 18642, 19043, 19065, 19090, 28524]
Positive Nodes: 5, Negative Nodes: 0
Positive Nodes: 1342, Negative Nodes: 0
1.95499507617e-05
10
[507, 578, 34431, 34433, 1667, 6214, 8545, 9972, 47693, 19539]
Positive Nodes: 5, Negative Nodes: 0
Positive Nodes: 8, Negative Nodes: 0
1.94867079774e-05
10
[802, 39644, 6907, 9290, 9310, 9320, 9326, 17221, 17225, 19658]
Positive Nodes: 5, Negative Nodes: 0
Positive Nodes: 1488, Negative Nodes: 0
1.90390784595e-05
10
[37396, 9821, 44100, 11534, 45453, 16751, 19814, 56741, 31534, 31549]
Positive Nodes: 5, Negative Nodes: 0
Positive Nodes: 6, Negative Nodes: 0
1.86588820846e-05
10
[3340, 13826, 17215, 17683, 51558, 26075, 28934, 29136, 29138, 29139]
Positive Nodes: 5, Negative Nodes: 0
Positive Nodes: 9, Negative Nodes: 0
1.80517219996e-05
10
[959, 14202, 14209, 17832, 17833, 17834, 17835, 17845, 13897, 18425]
Positive Nodes: 5, Negative Nodes: 0
Positive Nodes: 5, Negative Nodes: 0
1.79804431886e-05
10
[3531, 18309, 51855, 57089, 24592, 29735, 29736, 29737, 29746, 29753]
Positive Nodes: 5, Negative Nodes: 0
Positive Nodes: 7, Negative Nodes: 0
1.73341418346e-05
10
[1005, 1992, 6354, 7780, 9144, 17986, 18089, 18094, 18101, 29383]
Positive Nodes: 5, Negative Nodes: 0
Positive Nodes: 7, Negative Nodes: 0
1.71360941718e-05
10
[1318, 6430, 47783, 18899, 19606, 19611, 19617, 19618, 19623, 27783]
Positive Nodes: 5, Negative Nodes: 0
Positive Nodes: 1440, Negative Nodes: 0
1.43914974251e-05
10
[824, 34322, 34323, 6187, 10148, 10149, 42918, 44847, 12186, 17257]
Positive Nodes: 5, Negative Nodes: 0
Positive Nodes: 6, Negative Nodes: 0
1.42277879649e-05
10
[3809, 14916, 52082, 52083, 52084, 25253, 30395, 30396, 30397, 30398]
Positive Nodes: 5, Negative Nodes: 0
Positive Nodes: 1578, Negative Nodes: 0
1.33135390888e-05
10
[33804, 2263, 11099, 45157, 24403, 24414, 57190, 24434, 57206, 24439]
Positive Nodes: 16, Negative Nodes: 0
Positive Nodes: 1569, Negative Nodes: 0
1.77093643786e-06
31
[236, 40282, 7817, 40591, 40592, 40593, 40595, 40597, 40598, 40600, 40602, 40607, 7841, 40610, 40611, 40612, 9907, 10227, 10228, 10232, 43001, 10234, 10236, 10237, 10238, 10239, 10240, 10243, 10246, 10250, 52269]
Positive Nodes: 19, Negative Nodes: 0
Positive Nodes: 1573, Negative Nodes: 0
1.32854915358e-15
37
[80, 5085, 5146, 5152, 5153, 5157, 5161, 5162, 5163, 5165, 5168, 5174, 5180, 5193, 5195, 5197, 8702, 9027, 11669, 11929, 12352, 14121, 49267, 51177, 52729, 56042, 24200, 27969, 28091, 29870, 31025, 32434, 32435, 32436, 32437, 32439, 32447]
Positive Nodes: 19, Negative Nodes: 0
Positive Nodes: 1566, Negative Nodes: 0
1.28111187371e-15
37
[158, 650, 4002, 36785, 36786, 36793, 36794, 4038, 4049, 6093, 40107, 7465, 7466, 7470, 7474, 7476, 7485, 7496, 7497, 7498, 7499, 7503, 7509, 7510, 7515, 9918, 43674, 35084, 48557, 15803, 16586, 18693, 20937, 22295, 24032, 57014, 32253]
Positive Nodes: 19, Negative Nodes: 0
Positive Nodes: 1594, Negative Nodes: 0
1.24344484999e-17
38
[1451, 35514, 37686, 6811, 40078, 8013, 40865, 43539, 7689, 15286, 35319, 48079, 48080, 48081, 48082, 20095, 20096, 20097, 20098, 20099, 20100, 52869, 20102, 20104, 20105, 20106, 20107, 20109, 20111, 52880, 20113, 20115, 20124, 20132, 54170, 23694, 23718, 27164]
Positive Nodes: 20, Negative Nodes: 0
Positive Nodes: 1552, Negative Nodes: 0
1.61891263091e-19
39
[69, 824, 34322, 34323, 4984, 4987, 4988, 4996, 5011, 5013, 5014, 5017, 5018, 5019, 5038, 5042, 5045, 6187, 10175, 10749, 12186, 46547, 40664, 17257, 17940, 52615, 23442, 27986, 28518, 30285, 30470, 32159, 32167, 32245, 32260, 32261, 32299, 32306, 32311]
Positive Nodes: 20, Negative Nodes: 0
Positive Nodes: 1599, Negative Nodes: 0
1.17303336729e-21
40
[280, 468, 34650, 36360, 38885, 4687, 39384, 40024, 40141, 8909, 8919, 8921, 41690, 8939, 8943, 41819, 11195, 43968, 11212, 11216, 11218, 43987, 11220, 11221, 11223, 11225, 11229, 11230, 11232, 44004, 11242, 11243, 11247, 12125, 40615, 14316, 20790, 53565, 21510, 54473]
Positive Nodes: 20, Negative Nodes: 0
Positive Nodes: 1563, Negative Nodes: 0
6.56982405739e-24
41
[2, 153, 154, 166, 169, 180, 185, 188, 189, 190, 202, 554, 4444, 38970, 6263, 6783, 6972, 7191, 7192, 7206, 40064, 8801, 8818, 8819, 8831, 8835, 41610, 8850, 8851, 8871, 8875, 41813, 9195, 11788, 12423, 47456, 14714, 49198, 49910, 20585, 23237]
Positive Nodes: 21, Negative Nodes: 0
Positive Nodes: 1550, Negative Nodes: 0
2.95897939467e-26
42
[765, 34719, 6331, 39658, 40229, 40231, 40232, 40237, 5758, 9869, 9876, 46545, 13780, 46551, 46552, 46553, 46554, 48289, 13673, 49882, 17119, 17120, 17121, 17122, 17123, 17124, 17125, 17127, 17128, 17129, 17132, 17133, 17134, 17135, 17136, 17137, 17138, 17139, 22293, 22294, 23230, 27896]
Positive Nodes: 21, Negative Nodes: 0
Positive Nodes: 1616, Negative Nodes: 0
2.91367204159e-26
42
[235, 33992, 2049, 37660, 37662, 37663, 6708, 7082, 7805, 40574, 40575, 40576, 40577, 40578, 7987, 7998, 40869, 9112, 9253, 42958, 42970, 42971, 10204, 10210, 10211, 10212, 10213, 10214, 10215, 10217, 10218, 10219, 10220, 10221, 10223, 13365, 51427, 51428, 53453, 20687, 57011, 28663]
Positive Nodes: 22, Negative Nodes: 0
Positive Nodes: 1607, Negative Nodes: 0
1.18687062665e-28
43
[30, 885, 896, 898, 900, 912, 913, 921, 923, 935, 1157, 1776, 1778, 1779, 1780, 34549, 34552, 1805, 1811, 1815, 1821, 33072, 33073, 9738, 47192, 48273, 15832, 48609, 48758, 17216, 50327, 18307, 54042, 54043, 21289, 54079, 54101, 21379, 21382, 54153, 21386, 21395, 21400]
Positive Nodes: 24, Negative Nodes: 0
Positive Nodes: 1593, Negative Nodes: 0
1.54828835345e-39
47
[29, 1696, 1697, 1698, 1701, 1703, 34472, 1709, 1711, 1714, 34483, 1717, 1718, 1721, 1722, 1729, 1730, 1734, 1741, 1742, 1752, 1753, 1762, 1768, 1775, 7282, 8766, 9327, 11827, 14299, 35390, 15766, 21088, 21089, 21092, 21118, 21119, 21120, 21127, 21155, 53924, 21158, 21159, 21209, 54714, 22373, 25904]
Positive Nodes: 26, Negative Nodes: 0
Positive Nodes: 1621, Negative Nodes: 0
1.63429819181e-55
52
[83, 38868, 5216, 5217, 5219, 5221, 5222, 5223, 5224, 5226, 5232, 5234, 5235, 5239, 5240, 5241, 5242, 5248, 6449, 40322, 40324, 9937, 42777, 43248, 12967, 14411, 47210, 47727, 15050, 18285, 52184, 19451, 52736, 52742, 52761, 52762, 19995, 21696, 54792, 56157, 24260, 24505, 30767, 31266, 32470, 32486, 32499, 32538, 32540, 32555, 32563, 32564]
Positive Nodes: 27, Negative Nodes: 0
Positive Nodes: 1591, Negative Nodes: 0
4.19024113871e-59
53
[652, 4914, 10029, 10032, 12019, 45745, 13097, 13120, 13128, 45931, 45932, 45933, 45934, 45935, 48655, 15899, 15900, 15901, 15903, 15905, 15906, 15907, 15908, 15909, 15911, 15913, 15914, 15915, 15916, 15917, 15918, 15919, 15920, 15921, 15922, 15923, 15924, 15925, 15926, 15927, 15929, 15930, 15931, 15932, 15933, 15934, 15935, 15936, 15937, 56114, 56116, 56147, 56155]
Positive Nodes: 27, Negative Nodes: 0
Positive Nodes: 1577, Negative Nodes: 0
1.01458548773e-62
54
[19, 908, 964, 1284, 1286, 1287, 1288, 1289, 1290, 1291, 1292, 1293, 1294, 1295, 1296, 1297, 1298, 1299, 1300, 4916, 46845, 46988, 24333, 18872, 14931, 47703, 47704, 47705, 24777, 17604, 17658, 50644, 17881, 19328, 19329, 19330, 19342, 19343, 19345, 19346, 19347, 19348, 19349, 19350, 19351, 19352, 19355, 19356, 19357, 19358, 19359, 19360, 19363, 29173]
Positive Nodes: 27, Negative Nodes: 0
Positive Nodes: 1613, Negative Nodes: 0
2.28946583951e-78
58
[214, 883, 33961, 1791, 35184, 2417, 38285, 6186, 6621, 40126, 40127, 7367, 40142, 40143, 7376, 40145, 7378, 7379, 7382, 40157, 40164, 40166, 7449, 7728, 8039, 8405, 9699, 9714, 9724, 1621, 9729, 9730, 9733, 9737, 9739, 9740, 9743, 9744, 9745, 9746, 9747, 9748, 9749, 9753, 9754, 9758, 9759, 42531, 9764, 10131, 11021, 50265, 22056, 56577, 25101, 25715, 31691, 31990]
Positive Nodes: 27, Negative Nodes: 0
Positive Nodes: 1580, Negative Nodes: 0
1.81594528908e-82
59
[102, 32899, 32901, 32903, 32930, 32945, 32946, 32976, 33024, 33069, 32843, 130, 32900, 1827, 34604, 36771, 5402, 5403, 5410, 5412, 5414, 5425, 5428, 5429, 5434, 5437, 5439, 5441, 5443, 5452, 5465, 5470, 5478, 5480, 5487, 5491, 5500, 5505, 5513, 5522, 5525, 5550, 5563, 42375, 17882, 34972, 47864, 15179, 24513, 19788, 19792, 20103, 54070, 54523, 54559, 22999, 25892, 25951, 27954]
Positive Nodes: 27, Negative Nodes: 0
Positive Nodes: 1597, Negative Nodes: 0
1.60956271299e-82
59
[305, 34651, 6302, 8082, 8428, 8899, 8959, 9077, 9531, 9585, 43144, 43147, 34498, 43152, 43153, 43154, 43156, 43157, 43159, 43160, 43161, 43163, 43165, 43166, 43167, 43686, 44668, 12146, 12300, 12305, 12312, 12313, 12314, 12316, 12318, 12319, 12320, 12321, 45090, 12323, 12324, 12325, 45096, 45097, 12331, 12332, 12333, 12334, 12336, 12337, 12341, 12342, 55492, 57743, 25381, 27784, 28549, 28823, 31757]
Positive Nodes: 27, Negative Nodes: 0
Positive Nodes: 1569, Negative Nodes: 0
7.83286847652e-87
60
[18, 1148, 1175, 1178, 1183, 1196, 1208, 1219, 1240, 1241, 1242, 1244, 1248, 1249, 1252, 1256, 1257, 1263, 1266, 1270, 1277, 6442, 7354, 7431, 9076, 9687, 11248, 13901, 14810, 14874, 14894, 17211, 17298, 17654, 17726, 18010, 18910, 18911, 19036, 19106, 19133, 19234, 52025, 19259, 19260, 19262, 19263, 19274, 19276, 19277, 19304, 19309, 19313, 19318, 19319, 19320, 19321, 23674, 53143, 26331]
Positive Nodes: 27, Negative Nodes: 0
Positive Nodes: 1575, Negative Nodes: 0
6.77678398245e-87
60
[13, 878, 881, 958, 962, 963, 965, 966, 969, 970, 972, 981, 991, 993, 995, 997, 1000, 1001, 1003, 1014, 1016, 1021, 1022, 1025, 1030, 1044, 1046, 1048, 1050, 1064, 1065, 2161, 6382, 6519, 6523, 6527, 7308, 9144, 10591, 43673, 45410, 12806, 16620, 50247, 17791, 30295, 17936, 18000, 18001, 18050, 18054, 18176, 18183, 18185, 18188, 18252, 18254, 18337, 29383, 30793]
Positive Nodes: 28, Negative Nodes: 0
Positive Nodes: 1549, Negative Nodes: 0
3.51788600581e-141
71
[20, 352, 33182, 903, 1140, 1149, 1177, 1179, 1192, 1207, 1304, 1308, 1309, 1310, 1317, 1321, 1323, 1324, 1330, 1331, 1338, 1341, 1342, 1350, 1362, 1365, 1371, 1375, 1940, 3133, 4310, 6329, 6628, 40488, 8105, 34435, 10126, 10265, 44940, 14813, 47599, 47617, 14851, 47815, 15056, 49410, 50139, 50164, 18085, 18194, 18840, 18959, 19109, 19125, 19131, 19156, 19168, 19558, 19647, 19648, 19684, 19686, 19687, 19697, 19699, 19822, 19823, 19824, 19841, 54267, 30645]
Positive Nodes: 29, Negative Nodes: 0
Positive Nodes: 1622, Negative Nodes: 0
4.90564064417e-202
81
[176, 33575, 34605, 34607, 1843, 2126, 4283, 37822, 37824, 37835, 37838, 37928, 38589, 38591, 38720, 38744, 38750, 38759, 6280, 6385, 40033, 40087, 7426, 7599, 7984, 8081, 8086, 8139, 34186, 41288, 8533, 8537, 12347, 8548, 8555, 8556, 8557, 8559, 8563, 8569, 8571, 8573, 8579, 8581, 8583, 8588, 8602, 41376, 8612, 8631, 8634, 41409, 8643, 8648, 41427, 8663, 8664, 41860, 43145, 12563, 12835, 12877, 16195, 49069, 19401, 19414, 19424, 19440, 53106, 20635, 52592, 20649, 52595, 54041, 54109, 21660, 22737, 56576, 27358, 32324, 32383]
Positive Nodes: 32, Negative Nodes: 0
Positive Nodes: 1588, Negative Nodes: 0
5.6339857124e-266
90
[7, 628, 631, 633, 642, 643, 644, 645, 649, 655, 663, 668, 677, 689, 692, 701, 713, 717, 724, 725, 727, 745, 746, 747, 758, 761, 766, 770, 775, 776, 785, 792, 811, 36339, 4522, 38431, 39021, 7527, 7693, 6804, 8212, 8465, 8900, 42168, 9947, 10914, 44501, 7417, 11811, 44709, 11952, 13020, 46090, 13554, 13825, 14151, 14871, 14872, 15158, 47938, 47944, 47956, 15261, 15263, 15265, 24451, 15646, 15648, 15654, 48933, 48934, 16201, 16265, 49177, 16472, 16482, 16601, 16618, 16655, 49428, 16667, 16668, 16782, 17090, 19257, 17501, 21109, 3788, 25708, 27607]
Positive Nodes: 70, Negative Nodes: 0
Positive Nodes: 1633, Negative Nodes: 0
0.0
174
[159, 307, 33310, 1445, 1454, 34444, 34451, 34452, 34453, 1890, 1899, 1958, 2041, 33228, 3004, 36325, 36326, 36388, 36624, 36625, 36693, 36818, 4057, 36826, 4073, 36842, 36843, 4120, 4132, 33457, 4244, 37105, 37106, 4347, 37185, 37189, 37190, 37198, 37200, 4486, 37295, 4627, 4643, 37416, 37417, 4663, 4711, 4771, 37542, 37547, 4793, 4823, 37594, 37595, 7806, 7827, 38707, 6205, 6586, 6588, 6610, 6650, 6766, 6827, 6833, 6836, 6863, 6925, 6964, 39777, 7208, 7220, 7226, 7235, 7263, 7369, 7407, 7410, 7524, 7526, 7545, 7546, 7562, 7579, 7583, 7626, 7644, 7646, 7647, 7667, 7680, 7681, 7683, 7686, 7695, 7710, 7712, 7713, 7714, 7723, 7734, 34058, 34061, 7766, 40579, 40636, 7870, 7883, 7896, 7900, 7905, 7907, 7909, 7916, 7921, 7922, 7928, 7930, 7939, 12248, 7971, 9240, 9463, 9960, 11164, 11478, 11879, 11885, 45116, 12360, 12469, 13209, 13212, 13463, 13540, 46358, 3732, 13943, 14271, 47123, 14588, 14765, 48268, 15726, 16188, 50089, 50532, 51417, 20530, 20720, 20792, 21160, 21265, 21369, 54192, 54193, 54906, 22290, 22635, 22891, 56349, 24372, 24591, 26370, 26448, 26874, 27645, 27663, 48374, 28531, 28759, 29103, 30965, 7636]
Positive Nodes: 98, Negative Nodes: 0
Positive Nodes: 1651, Negative Nodes: 0
0.0
246
[108, 33158, 33160, 33167, 33197, 33208, 33224, 33287, 520, 33289, 33295, 33297, 33298, 33299, 33300, 33361, 33363, 33365, 33368, 33405, 33406, 33467, 33468, 33472, 33473, 33608, 33615, 33617, 33622, 33626, 33627, 33634, 33723, 33764, 33770, 33780, 33797, 33819, 33822, 33823, 33824, 33828, 33841, 33842, 33846, 33924, 33941, 33942, 33969, 33974, 34013, 34032, 34043, 38503, 1974, 5792, 1986, 34813, 34928, 2492, 2604, 6029, 568, 596, 3604, 33396, 36584, 36778, 5590, 5593, 5595, 5596, 5597, 5600, 5603, 5606, 5613, 5614, 5616, 5623, 5626, 5630, 5635, 5641, 5644, 5646, 5647, 5648, 5652, 5654, 5657, 5658, 5666, 5676, 5678, 5682, 5685, 5687, 5691, 5693, 5697, 5698, 5702, 5705, 5707, 5710, 5715, 5718, 5719, 5724, 5727, 5734, 5735, 5736, 38505, 5740, 5744, 5745, 5746, 5747, 5748, 5751, 5754, 5757, 38526, 5760, 5762, 5764, 5765, 5766, 5767, 5768, 5772, 5774, 5778, 5786, 5788, 5795, 5797, 5798, 5799, 5801, 5803, 5804, 5830, 5832, 5835, 5838, 5842, 5844, 5850, 5852, 5855, 5856, 5857, 5861, 5866, 5868, 5885, 5887, 5889, 5891, 5892, 5900, 5916, 5921, 5932, 5945, 5946, 5961, 5962, 5973, 5974, 5983, 5994, 6003, 33769, 6008, 6009, 33771, 6028, 6030, 33773, 6034, 6040, 6810, 7100, 7216, 7287, 34020, 40508, 7755, 7803, 8295, 39643, 42293, 9929, 10129, 10199, 11108, 44269, 11721, 12112, 12395, 45291, 46571, 46604, 14564, 47452, 2748, 49696, 17203, 17209, 18225, 51408, 52248, 19791, 19819, 52942, 20226, 20272, 20376, 20434, 23231, 23235, 24349, 25781, 26295, 26436, 26993, 27787, 27920, 28519, 29113, 29960, 29961, 48687, 30466, 30627, 30822, 5167, 5208, 31698, 32283, 32287, 32396]
Positive Nodes: 39, Negative Nodes: 0
Positive Nodes: 1592, Negative Nodes: 0
0.0
118
[49, 481, 1186, 2111, 11692, 4619, 4620, 4624, 4625, 4626, 4629, 4636, 4637, 4639, 4640, 4642, 37419, 4652, 4656, 4658, 4659, 4660, 4662, 37432, 4668, 4669, 4670, 4671, 4672, 4673, 4677, 4682, 4684, 11706, 4710, 37485, 4723, 4733, 4735, 4743, 4745, 4754, 4757, 4759, 4762, 4765, 4767, 4768, 4769, 37548, 37554, 4787, 37569, 4803, 11724, 4819, 4821, 37596, 4829, 39442, 7212, 7672, 40661, 45155, 8942, 9104, 12122, 12205, 12214, 12387, 46503, 46723, 24245, 47170, 47227, 47889, 18300, 18931, 19181, 19206, 19417, 52440, 52509, 46997, 20670, 53458, 21589, 56292, 56572, 25905, 27034, 27814, 28312, 29031, 29626, 30833, 31506, 31513, 31516, 31566, 31567, 31568, 31572, 31640, 31644, 31647, 31653, 31657, 31671, 31726, 31728, 31744, 31769, 31797, 31811, 31888, 31889, 31901]
Positive Nodes: 131, Negative Nodes: 0
Positive Nodes: 1682, Negative Nodes: 0
0.0
319
[42, 44, 601, 2036, 2037, 35512, 3601, 3603, 3633, 3634, 3642, 3645, 3655, 3656, 3657, 3661, 3669, 3677, 3680, 3685, 3690, 3693, 3700, 3703, 3715, 3716, 3717, 3718, 3719, 3720, 3725, 3733, 3743, 3749, 3751, 3755, 3757, 3759, 3763, 3765, 3774, 3786, 36556, 3796, 3797, 3799, 3803, 3804, 3809, 3814, 3818, 3823, 3828, 3836, 3844, 3850, 3851, 3852, 3855, 3861, 3864, 3865, 3871, 3876, 3880, 3881, 3883, 3886, 3897, 3901, 3905, 3906, 3915, 3924, 3929, 3936, 3937, 3941, 3942, 3956, 3965, 3969, 3970, 3976, 3979, 3984, 3985, 3995, 1554, 36795, 4029, 4030, 36808, 4045, 4046, 36822, 4055, 36827, 36852, 4086, 4089, 36884, 4119, 36894, 4130, 36905, 36912, 4150, 33461, 4166, 4174, 33466, 4192, 4198, 4203, 4208, 4221, 4226, 4232, 4236, 4239, 37022, 4261, 37036, 4270, 37056, 4293, 4294, 4300, 4305, 37080, 4313, 4318, 4319, 4325, 37107, 4346, 55341, 4368, 4369, 4372, 4377, 4380, 4381, 4383, 4393, 4403, 37201, 37207, 37221, 37235, 4469, 4478, 4483, 49901, 4497, 37274, 4511, 4518, 37296, 5308, 6805, 7003, 7240, 8987, 10574, 43402, 44643, 12380, 45302, 12691, 12730, 12844, 13030, 13756, 13806, 35082, 24218, 14885, 14888, 14897, 47713, 48465, 16039, 16574, 49363, 17166, 17278, 50459, 50659, 17943, 18128, 51952, 52082, 52083, 52084, 52171, 52243, 52280, 52284, 52285, 52315, 52316, 52317, 52318, 52319, 52322, 20456, 20689, 54725, 22421, 22739, 22894, 23337, 24144, 24257, 57105, 24369, 24384, 53217, 24465, 57281, 57595, 25547, 25679, 25948, 53628, 26996, 27665, 27946, 28454, 28551, 29643, 29953, 29992, 30006, 30011, 54154, 48697, 30051, 30085, 50103, 30128, 30177, 30183, 30188, 30201, 30203, 30204, 30216, 30218, 30245, 37810, 37813, 30335, 30336, 30359, 30360, 30386, 30394, 30395, 30396, 30397, 30398, 30416, 30418, 30421, 30422, 30461, 30477, 30478, 30489, 30491, 30498, 30520, 30534, 30624, 30643, 30646, 30647, 30648, 30661, 30671, 30700, 30701, 54269, 54270, 30717, 54272, 54273, 30825, 30905, 30945, 30946, 30954, 30955, 30962, 30976, 30997, 31053, 31087, 31088, 31090, 31091, 31092, 31096, 31111, 31112, 31126, 31127, 31128, 31131, 31155, 31208, 31209, 31214, 31215, 31228, 31238]
Positive Nodes: 162, Negative Nodes: 0
Positive Nodes: 1704, Negative Nodes: 0
0.0
414
[40, 598, 621, 623, 648, 666, 685, 693, 1083, 1141, 1202, 1386, 1393, 1452, 1861, 1867, 11236, 1897, 1925, 1965, 34738, 5791, 34758, 2030, 2062, 2069, 2116, 2813, 35582, 2831, 2835, 2836, 2840, 2856, 2857, 2858, 2864, 2868, 35644, 2897, 2900, 2909, 2916, 2924, 2925, 2926, 2927, 2928, 2935, 2937, 2938, 2942, 2944, 2949, 2952, 2958, 2966, 2975, 2979, 2981, 2982, 2991, 2992, 2995, 2998, 35768, 3005, 3008, 3020, 3021, 3022, 3029, 3037, 3045, 3050, 35819, 35824, 3078, 3081, 3084, 3095, 3103, 35873, 3106, 3108, 3114, 3118, 35893, 3126, 35898, 3134, 35905, 3141, 3147, 3149, 3152, 35921, 3190, 3195, 3200, 3201, 3207, 3214, 3218, 35996, 3232, 3233, 3236, 3239, 3240, 3241, 3243, 3246, 36019, 3259, 3261, 3267, 3270, 3276, 3278, 3284, 3299, 3304, 3313, 3316, 3319, 3324, 3329, 36099, 3336, 3338, 3344, 3346, 36117, 25118, 3357, 3360, 3368, 3371, 3372, 3380, 3381, 3387, 3388, 3393, 3396, 3397, 3398, 3411, 3414, 3421, 3433, 3458, 3464, 3465, 3469, 3474, 3484, 3490, 3492, 3496, 3498, 3509, 3516, 3526, 3529, 3551, 3553, 3560, 3563, 3575, 3580, 36883, 37773, 38131, 38656, 38788, 6068, 6236, 6662, 39459, 6699, 39644, 39673, 6907, 6918, 6987, 7248, 7257, 7434, 7619, 7765, 7793, 7814, 8140, 40920, 8291, 41124, 8696, 8697, 41568, 8988, 41874, 9290, 9310, 9326, 9355, 42253, 9511, 9593, 9796, 9877, 10106, 10225, 10571, 11003, 11425, 11498, 11563, 11671, 44447, 44460, 11789, 44640, 11904, 44849, 12158, 44949, 12428, 45362, 12855, 45938, 13273, 13355, 13383, 13517, 13588, 2302, 13826, 13841, 14331, 47122, 14586, 47492, 47498, 14740, 47509, 47692, 15009, 15090, 15269, 1601, 48328, 15590, 15754, 15964, 16144, 48926, 49068, 49081, 49178, 16414, 49305, 49645, 17215, 17217, 17400, 17683, 50513, 50793, 18127, 50903, 18298, 18309, 3052, 18398, 51176, 18454, 18551, 51363, 51459, 51558, 18841, 18842, 18844, 18845, 18927, 51731, 51756, 51889, 51890, 19369, 19370, 19820, 52653, 19900, 52905, 52964, 21013, 21465, 21584, 21587, 52763, 52766, 41844, 21972, 21973, 22000, 22008, 22374, 22653, 55462, 55466, 55467, 22812, 55591, 22835, 22837, 22892, 56113, 56578, 57024, 24592, 58004, 25788, 53493, 53494, 26056, 26075, 26210, 26217, 26225, 26253, 26257, 26267, 26405, 26557, 26569, 26570, 26571, 26573, 26574, 26727, 26833, 26844, 26875, 26980, 27030, 27035, 27038, 27042, 27058, 27073, 27083, 27136, 27148, 27149, 27159, 27407, 27449, 27562, 27568, 27656, 27666, 27668, 27673, 27674, 27676, 42857, 4628, 27856, 28126, 28166, 4700, 28223, 28230, 28298, 6890, 28520, 28556, 43014, 43016, 28805, 28838, 28839, 28862, 28864, 28865, 28866, 28934, 28961, 4827, 10303, 29114, 29138, 29174, 29180, 29223, 10333, 29243, 29286, 29300, 29496, 29501, 29518, 29520, 29521, 29583, 29600, 29673, 29689, 29691, 29753, 48676]
Positive Nodes: 214, Negative Nodes: 0
Positive Nodes: 1780, Negative Nodes: 0
0.0
518
[36, 33318, 34082, 1366, 1873, 1895, 1915, 1927, 1930, 34713, 1955, 1959, 5790, 1995, 2022, 2061, 2103, 34898, 34903, 2138, 2139, 2140, 2142, 34913, 2147, 2149, 2156, 34925, 2163, 2165, 2166, 2167, 33130, 2176, 2178, 2179, 2181, 2184, 2185, 2188, 2189, 2195, 34964, 2204, 34975, 34977, 2216, 2218, 2220, 2222, 2224, 2226, 2227, 2231, 2232, 2235, 2236, 2237, 373, 2241, 2242, 2243, 2245, 2253, 2256, 2259, 2260, 2261, 2264, 2267, 2268, 2270, 2276, 2278, 2282, 2283, 2285, 2287, 2289, 2291, 2294, 2295, 2297, 2300, 35070, 35072, 2307, 2310, 2311, 2312, 2313, 2314, 2315, 2316, 35085, 2321, 2322, 35091, 2326, 35096, 2331, 2333, 2334, 2343, 2346, 2349, 2351, 2356, 2359, 2360, 2366, 2368, 2369, 2370, 2371, 2372, 2374, 2375, 2376, 2377, 2379, 2386, 2387, 2392, 2394, 2395, 2398, 2399, 2402, 2403, 2406, 2418, 2422, 2424, 2426, 2428, 2431, 2432, 2433, 2435, 2438, 2441, 2448, 2453, 2454, 2455, 2458, 2459, 2463, 2466, 2467, 2469, 2470, 2476, 2477, 2478, 2480, 2481, 2482, 2486, 2489, 33183, 2502, 2515, 2517, 2523, 2524, 2525, 2526, 2527, 2529, 2532, 2539, 2543, 2551, 2552, 2559, 2562, 35332, 35339, 2575, 2580, 2581, 2583, 35354, 35380, 11358, 2622, 2624, 2629, 2634, 35405, 35414, 35428, 35432, 2672, 2684, 2685, 2686, 55062, 2705, 2708, 2714, 2716, 2717, 2718, 35492, 35494, 35499, 35502, 2756, 35528, 3213, 44266, 36500, 37262, 33629, 37976, 38541, 6250, 6332, 6361, 39261, 39659, 7098, 17606, 7416, 7536, 7735, 7973, 8075, 40848, 8173, 8304, 8742, 8975, 9135, 42002, 9318, 34326, 9390, 9505, 9596, 42414, 10085, 10598, 11102, 11143, 11387, 11391, 11521, 44371, 11609, 11621, 34707, 11898, 12034, 44984, 12261, 45452, 45771, 13049, 13084, 13185, 46234, 13807, 46800, 14036, 14058, 14059, 14238, 14334, 14336, 14410, 41943, 14448, 47240, 14665, 14672, 14673, 47714, 14948, 15088, 46546, 48443, 48642, 48966, 49074, 49132, 16419, 16428, 49255, 16645, 16777, 49621, 49623, 49673, 49709, 49710, 49760, 49771, 17113, 17140, 17143, 17148, 17296, 17300, 50121, 50122, 50180, 50202, 50220, 50221, 17493, 17756, 17982, 18124, 18170, 18175, 18284, 18291, 18724, 18736, 18773, 19322, 19341, 19379, 19400, 52179, 19750, 19813, 52582, 19849, 20527, 20533, 20551, 20586, 20676, 20974, 21011, 21054, 54194, 21797, 54794, 22028, 22289, 22376, 22504, 22556, 22559, 22564, 22841, 55771, 36692, 23551, 56324, 56348, 23584, 56356, 23598, 56367, 23601, 23608, 47629, 23644, 56413, 56465, 23719, 23725, 23730, 56505, 23740, 23750, 56549, 23785, 36733, 56656, 14904, 56740, 24031, 56856, 56924, 24165, 24168, 24171, 24178, 24184, 56985, 56986, 56987, 24220, 36806, 24240, 57012, 57013, 57015, 57016, 24308, 57091, 57101, 24335, 57120, 57148, 24401, 24440, 4074, 57219, 24455, 24457, 57229, 45117, 57237, 57238, 24472, 24514, 24539, 24559, 57336, 57340, 24585, 24595, 24597, 24601, 24602, 24608, 57450, 57455, 57456, 57457, 57506, 24754, 24772, 57542, 24780, 24805, 24825, 24828, 57746, 25059, 25060, 25064, 25066, 53331, 25087, 25091, 25094, 25097, 25102, 25104, 25107, 25108, 57899, 57900, 25189, 57979, 25212, 25215, 57997, 58002, 25254, 25255, 25263, 25264, 25265, 25266, 25267, 58061, 25298, 58070, 25318, 25319, 58101, 25339, 25341, 25357, 58133, 58167, 25400, 25421, 25426, 25446, 25448, 25449, 25450, 25459, 25519, 25535, 25537, 25549, 25555, 25557, 25569, 25580, 25619, 25624, 25658, 25741, 25787, 25875, 7810, 25882, 25887, 25890, 25916, 25926, 25930, 25935, 25946, 25947, 26994, 27881, 27983, 28197, 28537, 28809, 30752, 30975, 32289]
Positive Nodes: 48, Negative Nodes: 0
Positive Nodes: 1568, Negative Nodes: 0
0.0
136
[27, 1163, 1185, 1187, 1195, 1334, 1498, 1506, 1508, 1509, 1510, 1514, 1520, 1521, 1523, 1524, 1534, 1535, 1538, 1539, 1541, 1543, 1544, 1545, 1550, 1553, 1558, 1570, 1578, 1580, 1584, 1586, 1595, 1599, 1603, 1606, 1608, 1610, 1623, 1626, 1640, 1645, 1648, 1653, 1654, 1655, 1658, 1664, 1666, 1670, 1675, 1677, 1679, 2029, 6051, 6324, 40224, 41496, 9526, 9716, 10230, 44393, 11977, 44909, 12157, 45220, 12456, 12467, 12473, 45243, 12819, 13522, 46350, 13642, 46667, 47198, 14561, 14563, 14589, 47575, 15141, 48083, 16385, 16454, 16459, 16488, 16636, 17182, 17200, 18299, 18672, 19013, 19119, 19715, 19880, 20449, 20506, 53358, 53359, 53360, 53430, 20699, 20700, 53472, 53605, 20848, 20859, 20860, 53629, 53638, 20879, 20883, 20897, 20904, 20945, 20947, 20338, 20964, 20970, 20977, 53757, 3499, 19885, 21023, 21027, 21029, 21039, 53814, 21069, 21072, 55890, 23125, 57247, 27905, 28457, 28543]
Positive Nodes: 53, Negative Nodes: 0
Positive Nodes: 1631, Negative Nodes: 0
0.0
145
[3, 124, 220, 226, 238, 240, 242, 246, 265, 270, 275, 278, 279, 285, 300, 304, 306, 310, 325, 332, 333, 341, 342, 343, 354, 33141, 378, 394, 412, 466, 469, 475, 488, 501, 507, 576, 578, 33856, 34369, 2089, 3229, 36452, 37380, 37805, 6196, 6231, 6256, 6304, 6343, 6411, 6784, 40183, 7455, 7614, 7729, 8063, 8117, 8127, 8172, 8545, 8795, 8840, 8880, 41653, 23379, 9482, 9568, 9669, 9776, 9778, 9782, 9975, 10132, 10138, 10139, 42919, 10294, 10295, 50869, 10311, 10319, 10415, 10484, 10500, 10504, 10505, 43291, 43299, 43552, 56412, 11052, 11065, 11120, 11127, 11142, 43920, 11155, 11180, 43957, 11217, 44126, 11378, 11382, 11384, 11386, 11388, 11732, 12000, 44846, 45003, 12239, 12968, 12275, 45115, 45131, 12365, 45303, 12540, 45318, 12554, 12556, 12559, 12560, 12737, 45507, 12745, 12852, 12893, 13230, 46215, 13595, 40496, 46556, 13793, 46955, 46956, 46957, 14268, 47061, 14907, 47693, 53300, 22771, 27020, 29468]
Positive Nodes: 38, Negative Nodes: 0
Positive Nodes: 1546, Negative Nodes: 0
0.0
109
[0, 16, 22, 23, 28, 38, 42, 51, 52, 54, 56, 57, 58, 62, 65, 68, 71, 78, 86, 88, 90, 91, 98, 101, 104, 105, 32791, 909, 1128, 1133, 1412, 1429, 1435, 1436, 34210, 1686, 1856, 1902, 3601, 3603, 35068, 4572, 4578, 4579, 4868, 4875, 4879, 4880, 4890, 4893, 4904, 4976, 4979, 4980, 5082, 5132, 5199, 5252, 5253, 5254, 5268, 5269, 5275, 5288, 5331, 5375, 5376, 5380, 5398, 5576, 6099, 6100, 6103, 6104, 6499, 6509, 6512, 6513, 8302, 8896, 10165, 14093, 14694, 50384, 17950, 50985, 18794, 18795, 18796, 18800, 18964, 19718, 20145, 53452, 26417, 48522, 29641, 29953, 32024, 32025, 32136, 32137, 32138, 32250, 5377, 32399, 32573, 32574, 32628]
