Positive Nodes: 1011, Negative Nodes: 577
1.54828835345e-39
47
[29, 1696, 1697, 1698, 1701, 1703, 34472, 1709, 1711, 1714, 34483, 1717, 1718, 1721, 1722, 1729, 1730, 1734, 1741, 1742, 1752, 1753, 1762, 1768, 1775, 7282, 8766, 9327, 11827, 14299, 35390, 15766, 21088, 21089, 21092, 21118, 21119, 21120, 21127, 21155, 53924, 21158, 21159, 21209, 54714, 22373, 25904]
Positive Nodes: 15, Negative Nodes: 14
Positive Nodes: 851, Negative Nodes: 716
1.63429819181e-55
52
[83, 38868, 5216, 5217, 5219, 5221, 5222, 5223, 5224, 5226, 5232, 5234, 5235, 5239, 5240, 5241, 5242, 5248, 6449, 40322, 40324, 9937, 42777, 43248, 12967, 14411, 47210, 47727, 15050, 18285, 52184, 19451, 52736, 52742, 52761, 52762, 19995, 21696, 54792, 56157, 24260, 24505, 30767, 31266, 32470, 32486, 32499, 32538, 32540, 32555, 32563, 32564]
Positive Nodes: 8, Negative Nodes: 13
Positive Nodes: 604, Negative Nodes: 991
4.19024113871e-59
53
[652, 4914, 10029, 10032, 12019, 45745, 13097, 13120, 13128, 45931, 45932, 45933, 45934, 45935, 48655, 15899, 15900, 15901, 15903, 15905, 15906, 15907, 15908, 15909, 15911, 15913, 15914, 15915, 15916, 15917, 15918, 15919, 15920, 15921, 15922, 15923, 15924, 15925, 15926, 15927, 15929, 15930, 15931, 15932, 15933, 15934, 15935, 15936, 15937, 56114, 56116, 56147, 56155]
Positive Nodes: 17, Negative Nodes: 13
Positive Nodes: 888, Negative Nodes: 720
1.01458548773e-62
54
[19, 908, 964, 1284, 1286, 1287, 1288, 1289, 1290, 1291, 1292, 1293, 1294, 1295, 1296, 1297, 1298, 1299, 1300, 4916, 46845, 46988, 24333, 18872, 14931, 47703, 47704, 47705, 24777, 17604, 17658, 50644, 17881, 19328, 19329, 19330, 19342, 19343, 19345, 19346, 19347, 19348, 19349, 19350, 19351, 19352, 19355, 19356, 19357, 19358, 19359, 19360, 19363, 29173]
Positive Nodes: 12, Negative Nodes: 18
Positive Nodes: 686, Negative Nodes: 919
2.28946583951e-78
58
[214, 883, 33961, 1791, 35184, 2417, 38285, 6186, 6621, 40126, 40127, 7367, 40142, 40143, 7376, 40145, 7378, 7379, 7382, 40157, 40164, 40166, 7449, 7728, 8039, 8405, 9699, 9714, 9724, 1621, 9729, 9730, 9733, 9737, 9739, 9740, 9743, 9744, 9745, 9746, 9747, 9748, 9749, 9753, 9754, 9758, 9759, 42531, 9764, 10131, 11021, 50265, 22056, 56577, 25101, 25715, 31691, 31990]
Positive Nodes: 18, Negative Nodes: 7
Positive Nodes: 812, Negative Nodes: 771
1.81594528908e-82
59
[102, 32899, 32901, 32903, 32930, 32945, 32946, 32976, 33024, 33069, 32843, 130, 32900, 1827, 34604, 36771, 5402, 5403, 5410, 5412, 5414, 5425, 5428, 5429, 5434, 5437, 5439, 5441, 5443, 5452, 5465, 5470, 5478, 5480, 5487, 5491, 5500, 5505, 5513, 5522, 5525, 5550, 5563, 42375, 17882, 34972, 47864, 15179, 24513, 19788, 19792, 20103, 54070, 54523, 54559, 22999, 25892, 25951, 27954]
Positive Nodes: 16, Negative Nodes: 13
Positive Nodes: 643, Negative Nodes: 952
1.60956271299e-82
59
[305, 34651, 6302, 8082, 8428, 8899, 8959, 9077, 9531, 9585, 43144, 43147, 34498, 43152, 43153, 43154, 43156, 43157, 43159, 43160, 43161, 43163, 43165, 43166, 43167, 43686, 44668, 12146, 12300, 12305, 12312, 12313, 12314, 12316, 12318, 12319, 12320, 12321, 45090, 12323, 12324, 12325, 45096, 45097, 12331, 12332, 12333, 12334, 12336, 12337, 12341, 12342, 55492, 57743, 25381, 27784, 28549, 28823, 31757]
Positive Nodes: 15, Negative Nodes: 19
Positive Nodes: 743, Negative Nodes: 889
7.83286847652e-87
60
[18, 1148, 1175, 1178, 1183, 1196, 1208, 1219, 1240, 1241, 1242, 1244, 1248, 1249, 1252, 1256, 1257, 1263, 1266, 1270, 1277, 6442, 7354, 7431, 9076, 9687, 11248, 13901, 14810, 14874, 14894, 17211, 17298, 17654, 17726, 18010, 18910, 18911, 19036, 19106, 19133, 19234, 52025, 19259, 19260, 19262, 19263, 19274, 19276, 19277, 19304, 19309, 19313, 19318, 19319, 19320, 19321, 23674, 53143, 26331]
Positive Nodes: 12, Negative Nodes: 17
Positive Nodes: 550, Negative Nodes: 1062
6.77678398245e-87
60
[13, 878, 881, 958, 962, 963, 965, 966, 969, 970, 972, 981, 991, 993, 995, 997, 1000, 1001, 1003, 1014, 1016, 1021, 1022, 1025, 1030, 1044, 1046, 1048, 1050, 1064, 1065, 2161, 6382, 6519, 6523, 6527, 7308, 9144, 10591, 43673, 45410, 12806, 16620, 50247, 17791, 30295, 17936, 18000, 18001, 18050, 18054, 18176, 18183, 18185, 18188, 18252, 18254, 18337, 29383, 30793]
Positive Nodes: 19, Negative Nodes: 17
Positive Nodes: 581, Negative Nodes: 1045
3.51788600581e-141
71
[20, 352, 33182, 903, 1140, 1149, 1177, 1179, 1192, 1207, 1304, 1308, 1309, 1310, 1317, 1321, 1323, 1324, 1330, 1331, 1338, 1341, 1342, 1350, 1362, 1365, 1371, 1375, 1940, 3133, 4310, 6329, 6628, 40488, 8105, 34435, 10126, 10265, 44940, 14813, 47599, 47617, 14851, 47815, 15056, 49410, 50139, 50164, 18085, 18194, 18840, 18959, 19109, 19125, 19131, 19156, 19168, 19558, 19647, 19648, 19684, 19686, 19687, 19697, 19699, 19822, 19823, 19824, 19841, 54267, 30645]
Positive Nodes: 15, Negative Nodes: 20
Positive Nodes: 598, Negative Nodes: 1022
4.90564064417e-202
81
[176, 33575, 34605, 34607, 1843, 2126, 4283, 37822, 37824, 37835, 37838, 37928, 38589, 38591, 38720, 38744, 38750, 38759, 6280, 6385, 40033, 40087, 7426, 7599, 7984, 8081, 8086, 8139, 34186, 41288, 8533, 8537, 12347, 8548, 8555, 8556, 8557, 8559, 8563, 8569, 8571, 8573, 8579, 8581, 8583, 8588, 8602, 41376, 8612, 8631, 8634, 41409, 8643, 8648, 41427, 8663, 8664, 41860, 43145, 12563, 12835, 12877, 16195, 49069, 19401, 19414, 19424, 19440, 53106, 20635, 52592, 20649, 52595, 54041, 54109, 21660, 22737, 56576, 27358, 32324, 32383]
Positive Nodes: 15, Negative Nodes: 18
Positive Nodes: 777, Negative Nodes: 816
5.6339857124e-266
90
[7, 628, 631, 633, 642, 643, 644, 645, 649, 655, 663, 668, 677, 689, 692, 701, 713, 717, 724, 725, 727, 745, 746, 747, 758, 761, 766, 770, 775, 776, 785, 792, 811, 36339, 4522, 38431, 39021, 7527, 7693, 6804, 8212, 8465, 8900, 42168, 9947, 10914, 44501, 7417, 11811, 44709, 11952, 13020, 46090, 13554, 13825, 14151, 14871, 14872, 15158, 47938, 47944, 47956, 15261, 15263, 15265, 24451, 15646, 15648, 15654, 48933, 48934, 16201, 16265, 49177, 16472, 16482, 16601, 16618, 16655, 49428, 16667, 16668, 16782, 17090, 19257, 17501, 21109, 3788, 25708, 27607]
Positive Nodes: 35, Negative Nodes: 39
Positive Nodes: 707, Negative Nodes: 949
0.0
174
[159, 307, 33310, 1445, 1454, 34444, 34451, 34452, 34453, 1890, 1899, 1958, 2041, 33228, 3004, 36325, 36326, 36388, 36624, 36625, 36693, 36818, 4057, 36826, 4073, 36842, 36843, 4120, 4132, 33457, 4244, 37105, 37106, 4347, 37185, 37189, 37190, 37198, 37200, 4486, 37295, 4627, 4643, 37416, 37417, 4663, 4711, 4771, 37542, 37547, 4793, 4823, 37594, 37595, 7806, 7827, 38707, 6205, 6586, 6588, 6610, 6650, 6766, 6827, 6833, 6836, 6863, 6925, 6964, 39777, 7208, 7220, 7226, 7235, 7263, 7369, 7407, 7410, 7524, 7526, 7545, 7546, 7562, 7579, 7583, 7626, 7644, 7646, 7647, 7667, 7680, 7681, 7683, 7686, 7695, 7710, 7712, 7713, 7714, 7723, 7734, 34058, 34061, 7766, 40579, 40636, 7870, 7883, 7896, 7900, 7905, 7907, 7909, 7916, 7921, 7922, 7928, 7930, 7939, 12248, 7971, 9240, 9463, 9960, 11164, 11478, 11879, 11885, 45116, 12360, 12469, 13209, 13212, 13463, 13540, 46358, 3732, 13943, 14271, 47123, 14588, 14765, 48268, 15726, 16188, 50089, 50532, 51417, 20530, 20720, 20792, 21160, 21265, 21369, 54192, 54193, 54906, 22290, 22635, 22891, 56349, 24372, 24591, 26370, 26448, 26874, 27645, 27663, 48374, 28531, 28759, 29103, 30965, 7636]
Positive Nodes: 59, Negative Nodes: 44
Positive Nodes: 688, Negative Nodes: 968
0.0
246
[108, 33158, 33160, 33167, 33197, 33208, 33224, 33287, 520, 33289, 33295, 33297, 33298, 33299, 33300, 33361, 33363, 33365, 33368, 33405, 33406, 33467, 33468, 33472, 33473, 33608, 33615, 33617, 33622, 33626, 33627, 33634, 33723, 33764, 33770, 33780, 33797, 33819, 33822, 33823, 33824, 33828, 33841, 33842, 33846, 33924, 33941, 33942, 33969, 33974, 34013, 34032, 34043, 38503, 1974, 5792, 1986, 34813, 34928, 2492, 2604, 6029, 568, 596, 3604, 33396, 36584, 36778, 5590, 5593, 5595, 5596, 5597, 5600, 5603, 5606, 5613, 5614, 5616, 5623, 5626, 5630, 5635, 5641, 5644, 5646, 5647, 5648, 5652, 5654, 5657, 5658, 5666, 5676, 5678, 5682, 5685, 5687, 5691, 5693, 5697, 5698, 5702, 5705, 5707, 5710, 5715, 5718, 5719, 5724, 5727, 5734, 5735, 5736, 38505, 5740, 5744, 5745, 5746, 5747, 5748, 5751, 5754, 5757, 38526, 5760, 5762, 5764, 5765, 5766, 5767, 5768, 5772, 5774, 5778, 5786, 5788, 5795, 5797, 5798, 5799, 5801, 5803, 5804, 5830, 5832, 5835, 5838, 5842, 5844, 5850, 5852, 5855, 5856, 5857, 5861, 5866, 5868, 5885, 5887, 5889, 5891, 5892, 5900, 5916, 5921, 5932, 5945, 5946, 5961, 5962, 5973, 5974, 5983, 5994, 6003, 33769, 6008, 6009, 33771, 6028, 6030, 33773, 6034, 6040, 6810, 7100, 7216, 7287, 34020, 40508, 7755, 7803, 8295, 39643, 42293, 9929, 10129, 10199, 11108, 44269, 11721, 12112, 12395, 45291, 46571, 46604, 14564, 47452, 2748, 49696, 17203, 17209, 18225, 51408, 52248, 19791, 19819, 52942, 20226, 20272, 20376, 20434, 23231, 23235, 24349, 25781, 26295, 26436, 26993, 27787, 27920, 28519, 29113, 29960, 29961, 48687, 30466, 30627, 30822, 5167, 5208, 31698, 32283, 32287, 32396]
Positive Nodes: 24, Negative Nodes: 21
Positive Nodes: 909, Negative Nodes: 694
0.0
118
[49, 481, 1186, 2111, 11692, 4619, 4620, 4624, 4625, 4626, 4629, 4636, 4637, 4639, 4640, 4642, 37419, 4652, 4656, 4658, 4659, 4660, 4662, 37432, 4668, 4669, 4670, 4671, 4672, 4673, 4677, 4682, 4684, 11706, 4710, 37485, 4723, 4733, 4735, 4743, 4745, 4754, 4757, 4759, 4762, 4765, 4767, 4768, 4769, 37548, 37554, 4787, 37569, 4803, 11724, 4819, 4821, 37596, 4829, 39442, 7212, 7672, 40661, 45155, 8942, 9104, 12122, 12205, 12214, 12387, 46503, 46723, 24245, 47170, 47227, 47889, 18300, 18931, 19181, 19206, 19417, 52440, 52509, 46997, 20670, 53458, 21589, 56292, 56572, 25905, 27034, 27814, 28312, 29031, 29626, 30833, 31506, 31513, 31516, 31566, 31567, 31568, 31572, 31640, 31644, 31647, 31653, 31657, 31671, 31726, 31728, 31744, 31769, 31797, 31811, 31888, 31889, 31901]
Positive Nodes: 71, Negative Nodes: 77
Positive Nodes: 820, Negative Nodes: 885
0.0
319
[42, 44, 601, 2036, 2037, 35512, 3601, 3603, 3633, 3634, 3642, 3645, 3655, 3656, 3657, 3661, 3669, 3677, 3680, 3685, 3690, 3693, 3700, 3703, 3715, 3716, 3717, 3718, 3719, 3720, 3725, 3733, 3743, 3749, 3751, 3755, 3757, 3759, 3763, 3765, 3774, 3786, 36556, 3796, 3797, 3799, 3803, 3804, 3809, 3814, 3818, 3823, 3828, 3836, 3844, 3850, 3851, 3852, 3855, 3861, 3864, 3865, 3871, 3876, 3880, 3881, 3883, 3886, 3897, 3901, 3905, 3906, 3915, 3924, 3929, 3936, 3937, 3941, 3942, 3956, 3965, 3969, 3970, 3976, 3979, 3984, 3985, 3995, 1554, 36795, 4029, 4030, 36808, 4045, 4046, 36822, 4055, 36827, 36852, 4086, 4089, 36884, 4119, 36894, 4130, 36905, 36912, 4150, 33461, 4166, 4174, 33466, 4192, 4198, 4203, 4208, 4221, 4226, 4232, 4236, 4239, 37022, 4261, 37036, 4270, 37056, 4293, 4294, 4300, 4305, 37080, 4313, 4318, 4319, 4325, 37107, 4346, 55341, 4368, 4369, 4372, 4377, 4380, 4381, 4383, 4393, 4403, 37201, 37207, 37221, 37235, 4469, 4478, 4483, 49901, 4497, 37274, 4511, 4518, 37296, 5308, 6805, 7003, 7240, 8987, 10574, 43402, 44643, 12380, 45302, 12691, 12730, 12844, 13030, 13756, 13806, 35082, 24218, 14885, 14888, 14897, 47713, 48465, 16039, 16574, 49363, 17166, 17278, 50459, 50659, 17943, 18128, 51952, 52082, 52083, 52084, 52171, 52243, 52280, 52284, 52285, 52315, 52316, 52317, 52318, 52319, 52322, 20456, 20689, 54725, 22421, 22739, 22894, 23337, 24144, 24257, 57105, 24369, 24384, 53217, 24465, 57281, 57595, 25547, 25679, 25948, 53628, 26996, 27665, 27946, 28454, 28551, 29643, 29953, 29992, 30006, 30011, 54154, 48697, 30051, 30085, 50103, 30128, 30177, 30183, 30188, 30201, 30203, 30204, 30216, 30218, 30245, 37810, 37813, 30335, 30336, 30359, 30360, 30386, 30394, 30395, 30396, 30397, 30398, 30416, 30418, 30421, 30422, 30461, 30477, 30478, 30489, 30491, 30498, 30520, 30534, 30624, 30643, 30646, 30647, 30648, 30661, 30671, 30700, 30701, 54269, 54270, 30717, 54272, 54273, 30825, 30905, 30945, 30946, 30954, 30955, 30962, 30976, 30997, 31053, 31087, 31088, 31090, 31091, 31092, 31096, 31111, 31112, 31126, 31127, 31128, 31131, 31155, 31208, 31209, 31214, 31215, 31228, 31238]
Positive Nodes: 82, Negative Nodes: 79
Positive Nodes: 1018, Negative Nodes: 703
0.0
414
[40, 598, 621, 623, 648, 666, 685, 693, 1083, 1141, 1202, 1386, 1393, 1452, 1861, 1867, 11236, 1897, 1925, 1965, 34738, 5791, 34758, 2030, 2062, 2069, 2116, 2813, 35582, 2831, 2835, 2836, 2840, 2856, 2857, 2858, 2864, 2868, 35644, 2897, 2900, 2909, 2916, 2924, 2925, 2926, 2927, 2928, 2935, 2937, 2938, 2942, 2944, 2949, 2952, 2958, 2966, 2975, 2979, 2981, 2982, 2991, 2992, 2995, 2998, 35768, 3005, 3008, 3020, 3021, 3022, 3029, 3037, 3045, 3050, 35819, 35824, 3078, 3081, 3084, 3095, 3103, 35873, 3106, 3108, 3114, 3118, 35893, 3126, 35898, 3134, 35905, 3141, 3147, 3149, 3152, 35921, 3190, 3195, 3200, 3201, 3207, 3214, 3218, 35996, 3232, 3233, 3236, 3239, 3240, 3241, 3243, 3246, 36019, 3259, 3261, 3267, 3270, 3276, 3278, 3284, 3299, 3304, 3313, 3316, 3319, 3324, 3329, 36099, 3336, 3338, 3344, 3346, 36117, 25118, 3357, 3360, 3368, 3371, 3372, 3380, 3381, 3387, 3388, 3393, 3396, 3397, 3398, 3411, 3414, 3421, 3433, 3458, 3464, 3465, 3469, 3474, 3484, 3490, 3492, 3496, 3498, 3509, 3516, 3526, 3529, 3551, 3553, 3560, 3563, 3575, 3580, 36883, 37773, 38131, 38656, 38788, 6068, 6236, 6662, 39459, 6699, 39644, 39673, 6907, 6918, 6987, 7248, 7257, 7434, 7619, 7765, 7793, 7814, 8140, 40920, 8291, 41124, 8696, 8697, 41568, 8988, 41874, 9290, 9310, 9326, 9355, 42253, 9511, 9593, 9796, 9877, 10106, 10225, 10571, 11003, 11425, 11498, 11563, 11671, 44447, 44460, 11789, 44640, 11904, 44849, 12158, 44949, 12428, 45362, 12855, 45938, 13273, 13355, 13383, 13517, 13588, 2302, 13826, 13841, 14331, 47122, 14586, 47492, 47498, 14740, 47509, 47692, 15009, 15090, 15269, 1601, 48328, 15590, 15754, 15964, 16144, 48926, 49068, 49081, 49178, 16414, 49305, 49645, 17215, 17217, 17400, 17683, 50513, 50793, 18127, 50903, 18298, 18309, 3052, 18398, 51176, 18454, 18551, 51363, 51459, 51558, 18841, 18842, 18844, 18845, 18927, 51731, 51756, 51889, 51890, 19369, 19370, 19820, 52653, 19900, 52905, 52964, 21013, 21465, 21584, 21587, 52763, 52766, 41844, 21972, 21973, 22000, 22008, 22374, 22653, 55462, 55466, 55467, 22812, 55591, 22835, 22837, 22892, 56113, 56578, 57024, 24592, 58004, 25788, 53493, 53494, 26056, 26075, 26210, 26217, 26225, 26253, 26257, 26267, 26405, 26557, 26569, 26570, 26571, 26573, 26574, 26727, 26833, 26844, 26875, 26980, 27030, 27035, 27038, 27042, 27058, 27073, 27083, 27136, 27148, 27149, 27159, 27407, 27449, 27562, 27568, 27656, 27666, 27668, 27673, 27674, 27676, 42857, 4628, 27856, 28126, 28166, 4700, 28223, 28230, 28298, 6890, 28520, 28556, 43014, 43016, 28805, 28838, 28839, 28862, 28864, 28865, 28866, 28934, 28961, 4827, 10303, 29114, 29138, 29174, 29180, 29223, 10333, 29243, 29286, 29300, 29496, 29501, 29518, 29520, 29521, 29583, 29600, 29673, 29689, 29691, 29753, 48676]
Positive Nodes: 114, Negative Nodes: 111
Positive Nodes: 752, Negative Nodes: 1037
0.0
518
[36, 33318, 34082, 1366, 1873, 1895, 1915, 1927, 1930, 34713, 1955, 1959, 5790, 1995, 2022, 2061, 2103, 34898, 34903, 2138, 2139, 2140, 2142, 34913, 2147, 2149, 2156, 34925, 2163, 2165, 2166, 2167, 33130, 2176, 2178, 2179, 2181, 2184, 2185, 2188, 2189, 2195, 34964, 2204, 34975, 34977, 2216, 2218, 2220, 2222, 2224, 2226, 2227, 2231, 2232, 2235, 2236, 2237, 373, 2241, 2242, 2243, 2245, 2253, 2256, 2259, 2260, 2261, 2264, 2267, 2268, 2270, 2276, 2278, 2282, 2283, 2285, 2287, 2289, 2291, 2294, 2295, 2297, 2300, 35070, 35072, 2307, 2310, 2311, 2312, 2313, 2314, 2315, 2316, 35085, 2321, 2322, 35091, 2326, 35096, 2331, 2333, 2334, 2343, 2346, 2349, 2351, 2356, 2359, 2360, 2366, 2368, 2369, 2370, 2371, 2372, 2374, 2375, 2376, 2377, 2379, 2386, 2387, 2392, 2394, 2395, 2398, 2399, 2402, 2403, 2406, 2418, 2422, 2424, 2426, 2428, 2431, 2432, 2433, 2435, 2438, 2441, 2448, 2453, 2454, 2455, 2458, 2459, 2463, 2466, 2467, 2469, 2470, 2476, 2477, 2478, 2480, 2481, 2482, 2486, 2489, 33183, 2502, 2515, 2517, 2523, 2524, 2525, 2526, 2527, 2529, 2532, 2539, 2543, 2551, 2552, 2559, 2562, 35332, 35339, 2575, 2580, 2581, 2583, 35354, 35380, 11358, 2622, 2624, 2629, 2634, 35405, 35414, 35428, 35432, 2672, 2684, 2685, 2686, 55062, 2705, 2708, 2714, 2716, 2717, 2718, 35492, 35494, 35499, 35502, 2756, 35528, 3213, 44266, 36500, 37262, 33629, 37976, 38541, 6250, 6332, 6361, 39261, 39659, 7098, 17606, 7416, 7536, 7735, 7973, 8075, 40848, 8173, 8304, 8742, 8975, 9135, 42002, 9318, 34326, 9390, 9505, 9596, 42414, 10085, 10598, 11102, 11143, 11387, 11391, 11521, 44371, 11609, 11621, 34707, 11898, 12034, 44984, 12261, 45452, 45771, 13049, 13084, 13185, 46234, 13807, 46800, 14036, 14058, 14059, 14238, 14334, 14336, 14410, 41943, 14448, 47240, 14665, 14672, 14673, 47714, 14948, 15088, 46546, 48443, 48642, 48966, 49074, 49132, 16419, 16428, 49255, 16645, 16777, 49621, 49623, 49673, 49709, 49710, 49760, 49771, 17113, 17140, 17143, 17148, 17296, 17300, 50121, 50122, 50180, 50202, 50220, 50221, 17493, 17756, 17982, 18124, 18170, 18175, 18284, 18291, 18724, 18736, 18773, 19322, 19341, 19379, 19400, 52179, 19750, 19813, 52582, 19849, 20527, 20533, 20551, 20586, 20676, 20974, 21011, 21054, 54194, 21797, 54794, 22028, 22289, 22376, 22504, 22556, 22559, 22564, 22841, 55771, 36692, 23551, 56324, 56348, 23584, 56356, 23598, 56367, 23601, 23608, 47629, 23644, 56413, 56465, 23719, 23725, 23730, 56505, 23740, 23750, 56549, 23785, 36733, 56656, 14904, 56740, 24031, 56856, 56924, 24165, 24168, 24171, 24178, 24184, 56985, 56986, 56987, 24220, 36806, 24240, 57012, 57013, 57015, 57016, 24308, 57091, 57101, 24335, 57120, 57148, 24401, 24440, 4074, 57219, 24455, 24457, 57229, 45117, 57237, 57238, 24472, 24514, 24539, 24559, 57336, 57340, 24585, 24595, 24597, 24601, 24602, 24608, 57450, 57455, 57456, 57457, 57506, 24754, 24772, 57542, 24780, 24805, 24825, 24828, 57746, 25059, 25060, 25064, 25066, 53331, 25087, 25091, 25094, 25097, 25102, 25104, 25107, 25108, 57899, 57900, 25189, 57979, 25212, 25215, 57997, 58002, 25254, 25255, 25263, 25264, 25265, 25266, 25267, 58061, 25298, 58070, 25318, 25319, 58101, 25339, 25341, 25357, 58133, 58167, 25400, 25421, 25426, 25446, 25448, 25449, 25450, 25459, 25519, 25535, 25537, 25549, 25555, 25557, 25569, 25580, 25619, 25624, 25658, 25741, 25787, 25875, 7810, 25882, 25887, 25890, 25916, 25926, 25930, 25935, 25946, 25947, 26994, 27881, 27983, 28197, 28537, 28809, 30752, 30975, 32289]
Positive Nodes: 28, Negative Nodes: 29
Positive Nodes: 981, Negative Nodes: 667
0.0
136
[27, 1163, 1185, 1187, 1195, 1334, 1498, 1506, 1508, 1509, 1510, 1514, 1520, 1521, 1523, 1524, 1534, 1535, 1538, 1539, 1541, 1543, 1544, 1545, 1550, 1553, 1558, 1570, 1578, 1580, 1584, 1586, 1595, 1599, 1603, 1606, 1608, 1610, 1623, 1626, 1640, 1645, 1648, 1653, 1654, 1655, 1658, 1664, 1666, 1670, 1675, 1677, 1679, 2029, 6051, 6324, 40224, 41496, 9526, 9716, 10230, 44393, 11977, 44909, 12157, 45220, 12456, 12467, 12473, 45243, 12819, 13522, 46350, 13642, 46667, 47198, 14561, 14563, 14589, 47575, 15141, 48083, 16385, 16454, 16459, 16488, 16636, 17182, 17200, 18299, 18672, 19013, 19119, 19715, 19880, 20449, 20506, 53358, 53359, 53360, 53430, 20699, 20700, 53472, 53605, 20848, 20859, 20860, 53629, 53638, 20879, 20883, 20897, 20904, 20945, 20947, 20338, 20964, 20970, 20977, 53757, 3499, 19885, 21023, 21027, 21029, 21039, 53814, 21069, 21072, 55890, 23125, 57247, 27905, 28457, 28543]
Positive Nodes: 29, Negative Nodes: 38
Positive Nodes: 923, Negative Nodes: 718
0.0
145
[3, 124, 220, 226, 238, 240, 242, 246, 265, 270, 275, 278, 279, 285, 300, 304, 306, 310, 325, 332, 333, 341, 342, 343, 354, 33141, 378, 394, 412, 466, 469, 475, 488, 501, 507, 576, 578, 33856, 34369, 2089, 3229, 36452, 37380, 37805, 6196, 6231, 6256, 6304, 6343, 6411, 6784, 40183, 7455, 7614, 7729, 8063, 8117, 8127, 8172, 8545, 8795, 8840, 8880, 41653, 23379, 9482, 9568, 9669, 9776, 9778, 9782, 9975, 10132, 10138, 10139, 42919, 10294, 10295, 50869, 10311, 10319, 10415, 10484, 10500, 10504, 10505, 43291, 43299, 43552, 56412, 11052, 11065, 11120, 11127, 11142, 43920, 11155, 11180, 43957, 11217, 44126, 11378, 11382, 11384, 11386, 11388, 11732, 12000, 44846, 45003, 12239, 12968, 12275, 45115, 45131, 12365, 45303, 12540, 45318, 12554, 12556, 12559, 12560, 12737, 45507, 12745, 12852, 12893, 13230, 46215, 13595, 40496, 46556, 13793, 46955, 46956, 46957, 14268, 47061, 14907, 47693, 53300, 22771, 27020, 29468]
Positive Nodes: 26, Negative Nodes: 17
Positive Nodes: 1071, Negative Nodes: 540
0.0
109
[0, 16, 22, 23, 28, 38, 42, 51, 52, 54, 56, 57, 58, 62, 65, 68, 71, 78, 86, 88, 90, 91, 98, 101, 104, 105, 32791, 909, 1128, 1133, 1412, 1429, 1435, 1436, 34210, 1686, 1856, 1902, 3601, 3603, 35068, 4572, 4578, 4579, 4868, 4875, 4879, 4880, 4890, 4893, 4904, 4976, 4979, 4980, 5082, 5132, 5199, 5252, 5253, 5254, 5268, 5269, 5275, 5288, 5331, 5375, 5376, 5380, 5398, 5576, 6099, 6100, 6103, 6104, 6499, 6509, 6512, 6513, 8302, 8896, 10165, 14093, 14694, 50384, 17950, 50985, 18794, 18795, 18796, 18800, 18964, 19718, 20145, 53452, 26417, 48522, 29641, 29953, 32024, 32025, 32136, 32137, 32138, 32250, 5377, 32399, 32573, 32574, 32628]
